ef bb bf 70 69 70 65 6c  69 6e 65 20 7b 0d 0a 20
20 20 20 61 67 65 6e 74  20 61 6e 79 0d 0a 0d 0a
20 20 20 20 74 6f 6f 6c  73 20 7b 0d 0a 20 20 20
20 20 20 20 20 6d 61 76  65 6e 20 27 4d 41 56 45
4e 5f 48 4f 4d 45 27 0d  0a 20 20 20 20 20 20 20
20 6a 64 6b 20 27 4a 44  4b 31 31 27 0d 0a 20 20
20 20 7d 0d 0a 0d 0a 20  20 20 20 65 6e 76 69 72
6f 6e 6d 65 6e 74 20 7b  0d 0a 20 20 20 20 20 20
20 20 45 4d 41 49 4c 5f  52 45 43 49 50 49 45 4e
54 53 20 3d 20 27 32 32  30 30 30 33 30 36 33 31
63 73 65 68 40 67 6d 61  69 6c 2e 63 6f 6d 27 0d
0a 20 20 20 20 20 20 20  20 44 4f 43 4b 45 52 48
55 42 5f 43 52 45 44 45  4e 54 49 41 4c 53 20 3d
20 27 64 6f 63 6b 65 72  2d 68 75 62 2d 63 72 65
64 73 27 0d 0a 20 20 20  20 20 20 20 20 44 4f 43
4b 45 52 5f 49 4d 41 47  45 20 3d 20 27 70 72 61
73 61 6e 74 68 36 33 31  2f 63 61 70 73 74 6f 6e
65 5f 70 72 6f 27 0d 0a  20 20 20 20 20 20 20 20
0d 0a 20 20 20 20 20 20  20 20 4b 38 53 5f 44 45
50 4c 4f 59 4d 45 4e 54  20 3d 20 27 63 61 70 73
74 6f 6e 65 2d 64 65 70  6c 6f 79 6d 65 6e 74 27
0d 0a 20 20 20 20 20 20  20 20 4b 38 53 5f 43 4f
4e 54 41 49 4e 45 52 20  3d 20 27 63 61 70 73 74
6f 6e 65 2d 63 6f 6e 74  61 69 6e 65 72 27 0d 0a
20 20 20 20 20 20 20 20  4b 38 53 5f 4e 41 4d 45
53 50 41 43 45 20 3d 20  27 63 61 70 73 74 6f 6e
65 2d 61 70 70 27 0d 0a  20 20 20 20 20 20 20 20
4b 38 53 5f 53 45 52 56  49 43 45 20 3d 20 27 63
61 70 73 74 6f 6e 65 2d  73 65 72 76 69 63 65 27
0d 0a 20 20 20 20 20 20  20 20 0d 0a 20 20 20 20
20 20 20 20 4b 55 42 45  43 4f 4e 46 49 47 20 3d
20 22 43 3a 5c 5c 55 73  65 72 73 5c 5c 50 72 61
73 61 6e 74 68 20 47 6f  6c 6c 61 5c 5c 2e 6b 75
62 65 5c 5c 63 6f 6e 66  69 67 22 0d 0a 20 20 20
20 7d 0d 0a 0d 0a 20 20  20 20 74 72 69 67 67 65
72 73 20 7b 0d 0a 20 20  20 20 20 20 20 20 70 6f
6c 6c 53 43 4d 28 27 2a  20 2a 20 2a 20 2a 20 2a
27 29 0d 0a 20 20 20 20  7d 0d 0a 0d 0a 20 20 20
20 73 74 61 67 65 73 20  7b 0d 0a 20 20 20 20 20
20 20 20 73 74 61 67 65  28 27 43 68 65 63 6b 6f
75 74 27 29 20 7b 0d 0a  20 20 20 20 20 20 20 20
20 20 20 20 73 74 65 70  73 20 7b 0d 0a 20 20 20
20 20 20 20 20 20 20 20  20 20 20 20 20 65 63 68
6f 20 27 43 68 65 63 6b  69 6e 67 20 6f 75 74 20
63 6f 64 65 20 66 72 6f  6d 20 47 69 74 48 75 62
2e 2e 2e 27 0d 0a 20 20  20 20 20 20 20 20 20 20
20 20 20 20 20 20 67 69  74 20 75 72 6c 3a 20 27
68 74 74 70 73 3a 2f 2f  67 69 74 68 75 62 2e 63
6f 6d 2f 50 72 61 73 61  6e 74 68 36 33 31 2f 43
61 70 73 74 6f 6e 65 50  72 6f 6a 65 63 74 2e 67
69 74 27 2c 20 62 72 61  6e 63 68 3a 20 27 6d 61
69 6e 27 0d 0a 20 20 20  20 20 20 20 20 20 20 20
20 20 20 20 20 65 63 68  6f 20 27 43 6f 64 65 20
63 68 65 63 6b 6f 75 74  20 63 6f 6d 70 6c 65 74
65 27 0d 0a 20 20 20 20  20 20 20 20 20 20 20 20
7d 0d 0a 20 20 20 20 20  20 20 20 7d 0d 0a 0d 0a
20 20 20 20 20 20 20 20  73 74 61 67 65 28 27 42
75 69 6c 64 20 26 20 54  65 73 74 27 29 20 7b 0d
0a 20 20 20 20 20 20 20  20 20 20 20 20 73 74 65
70 73 20 7b 0d 0a 20 20  20 20 20 20 20 20 20 20
20 20 20 20 20 20 65 63  68 6f 20 27 42 75 69 6c
64 69 6e 67 20 61 70 70  6c 69 63 61 74 69 6f 6e
20 77 69 74 68 20 4d 61  76 65 6e 2e 2e 2e 27 0d
0a 20 20 20 20 20 20 20  20 20 20 20 20 20 20 20
20 62 61 74 20 27 6d 76  6e 20 63 6c 65 61 6e 20
69 6e 73 74 61 6c 6c 27  0d 0a 20 20 20 20 20 20
20 20 20 20 20 20 20 20  20 20 65 63 68 6f 20 27
42 75 69 6c 64 20 61 6e  64 20 74 65 73 74 73 20
63 6f 6d 70 6c 65 74 65  27 0d 0a 20 20 20 20 20
20 20 20 20 20 20 20 7d  0d 0a 20 20 20 20 20 20
20 20 7d 0d 0a 0d 0a 20  20 20 20 20 20 20 20 73
74 61 67 65 28 27 50 75  62 6c 69 73 68 20 54 65
73 74 20 52 65 73 75 6c  74 73 27 29 20 7b 0d 0a
20 20 20 20 20 20 20 20  20 20 20 20 73 74 65 70
73 20 7b 0d 0a 20 20 20  20 20 20 20 20 20 20 20
20 20 20 20 20 65 63 68  6f 20 27 50 75 62 6c 69
73 68 69 6e 67 20 74 65  73 74 20 72 65 73 75 6c
74 73 2e 2e 2e 27 0d 0a  20 20 20 20 20 20 20 20
20 20 20 20 20 20 20 20  6a 75 6e 69 74 20 27 74
61 72 67 65 74 2f 73 75  72 65 66 69 72 65 2d 72
65 70 6f 72 74 73 2f 2a  2e 78 6d 6c 27 0d 0a 20
20 20 20 20 20 20 20 20  20 20 20 20 20 20 20 65
63 68 6f 20 27 54 65 73  74 20 72 65 73 75 6c 74
73 20 70 75 62 6c 69 73  68 65 64 27 0d 0a 20 20
20 20 20 20 20 20 20 20  20 20 7d 0d 0a 20 20 20
20 20 20 20 20 7d 0d 0a  0d 0a 20 20 20 20 20 20
20 20 73 74 61 67 65 28  27 43 6f 64 65 20 51 75
61 6c 69 74 79 20 41 6e  61 6c 79 73 69 73 27 29
20 7b 0d 0a 20 20 20 20  20 20 20 20 20 20 20 20
73 74 65 70 73 20 7b 0d  0a 20 20 20 20 20 20 20
20 20 20 20 20 20 20 20  20 65 63 68 6f 20 27 52
75 6e 6e 69 6e 67 20 63  6f 64 65 20 71 75 61 6c
69 74 79 20 63 68 65 63  6b 73 2e 2e 2e 27 0d 0a
20 20 20 20 20 20 20 20  20 20 20 20 20 20 20 20
73 63 72 69 70 74 20 7b  0d 0a 20 20 20 20 20 20
20 20 20 20 20 20 20 20  20 20 20 20 20 20 65 63
68 6f 20 27 43 6f 64 65  20 71 75 61 6c 69 74 79
20 61 6e 61 6c 79 73 69  73 20 70 6c 61 63 65 68
6f 6c 64 65 72 20 2d 20  63 6f 6e 66 69 67 75 72
65 20 53 6f 6e 61 72 51  75 62 65 20 69 66 20 6e
65 65 64 65 64 27 0d 0a  20 20 20 20 20 20 20 20
20 20 20 20 20 20 20 20  7d 0d 0a 20 20 20 20 20
20 20 20 20 20 20 20 20  20 20 20 65 63 68 6f 20
27 43 6f 64 65 20 71 75  61 6c 69 74 79 20 63 68
65 63 6b 20 63 6f 6d 70  6c 65 74 65 27 0d 0a 20
20 20 20 20 20 20 20 20  20 20 20 7d 0d 0a 20 20
20 20 20 20 20 20 7d 0d  0a 0d 0a 20 20 20 20 20
20 20 20 73 74 61 67 65  28 27 44 6f 63 6b 65 72
20 42 75 69 6c 64 20 26  20 50 75 73 68 27 29 20
7b 0d 0a 20 20 20 20 20  20 20 20 20 20 20 20 73
74 65 70 73 20 7b 0d 0a  20 20 20 20 20 20 20 20
20 20 20 20 20 20 20 20  65 63 68 6f 20 27 42 75
69 6c 64 69 6e 67 20 44  6f 63 6b 65 72 20 69 6d
61 67 65 2e 2e 2e 27 0d  0a 20 20 20 20 20 20 20
20 20 20 20 20 20 20 20  20 73 63 72 69 70 74 20
7b 0d 0a 20 20 20 20 20  20 20 20 20 20 20 20 20
20 20 20 20 20 20 20 62  61 74 20 22 22 22 0d 0a
20 20 20 20 20 20 20 20  20 20 20 20 20 20 20 20
20 20 20 20 20 20 20 20  64 6f 63 6b 65 72 20 62
75 69 6c 64 20 2d 74 20  25 44 4f 43 4b 45 52 5f
49 4d 41 47 45 25 3a 25  42 55 49 4c 44 5f 4e 55
4d 42 45 52 25 20 2e 0d  0a 20 20 20 20 20 20 20
20 20 20 20 20 20 20 20  20 20 20 20 20 20 20 20
20 64 6f 63 6b 65 72 20  74 61 67 20 25 44 4f 43
4b 45 52 5f 49 4d 41 47  45 25 3a 25 42 55 49 4c
44 5f 4e 55 4d 42 45 52  25 20 25 44 4f 43 4b 45
52 5f 49 4d 41 47 45 25  3a 6c 61 74 65 73 74 0d
0a 20 20 20 20 20 20 20  20 20 20 20 20 20 20 20
20 20 20 20 20 22 22 22  0d 0a 20 20 20 20 20 20
20 20 20 20 20 20 20 20  20 20 20 20 20 20 0d 0a
20 20 20 20 20 20 20 20  20 20 20 20 20 20 20 20
20 20 20 20 65 63 68 6f  20 22 44 6f 63 6b 65 72
20 69 6d 61 67 65 20 62  75 69 6c 74 3a 20 24 7b
44 4f 43 4b 45 52 5f 49  4d 41 47 45 7d 3a 24 7b
42 55 49 4c 44 5f 4e 55  4d 42 45 52 7d 22 0d 0a
20 20 20 20 20 20 20 20  20 20 20 20 20 20 20 20
20 20 20 20 0d 0a 20 20  20 20 20 20 20 20 20 20
20 20 20 20 20 20 20 20  20 20 65 63 68 6f 20 27
50 75 73 68 69 6e 67 20  69 6d 61 67 65 20 74 6f
20 44 6f 63 6b 65 72 20  48 75 62 2e 2e 2e 27 0d
0a 20 20 20 20 20 20 20  20 20 20 20 20 20 20 20
20 20 20 20 20 64 6f 63  6b 65 72 2e 77 69 74 68
52 65 67 69 73 74 72 79  28 27 68 74 74 70 73 3a
2f 2f 69 6e 64 65 78 2e  64 6f 63 6b 65 72 2e 69
6f 2f 76 31 2f 27 2c 20  22 24 7b 44 4f 43 4b 45
52 48 55 42 5f 43 52 45  44 45 4e 54 49 41 4c 53
7d 22 29 20 7b 0d 0a 20  20 20 20 20 20 20 20 20
20 20 20 20 20 20 20 20  20 20 20 20 20 20 20 64
65 66 20 61 70 70 20 3d  20 64 6f 63 6b 65 72 2e
69 6d 61 67 65 28 22 24  7b 44 4f 43 4b 45 52 5f
49 4d 41 47 45 7d 3a 24  7b 42 55 49 4c 44 5f 4e
55 4d 42 45 52 7d 22 29  0d 0a 20 20 20 20 20 20
20 20 20 20 20 20 20 20  20 20 20 20 20 20 20 20
20 20 61 70 70 2e 70 75  73 68 28 29 0d 0a 20 20
20 20 20 20 20 20 20 20  20 20 20 20 20 20 20 20
20 20 20 20 20 20 61 70  70 2e 70 75 73 68 28 22
6c 61 74 65 73 74 22 29  0d 0a 20 20 20 20 20 20
20 20 20 20 20 20 20 20  20 20 20 20 20 20 7d 0d
0a 20 20 20 20 20 20 20  20 20 20 20 20 20 20 20
20 20 20 20 20 0d 0a 20  20 20 20 20 20 20 20 20
20 20 20 20 20 20 20 20  20 20 20 65 63 68 6f 20
27 44 6f 63 6b 65 72 20  69 6d 61 67 65 20 70 75
73 68 65 64 20 74 6f 20  44 6f 63 6b 65 72 20 48
75 62 27 0d 0a 20 20 20  20 20 20 20 20 20 20 20
20 20 20 20 20 7d 0d 0a  20 20 20 20 20 20 20 20
20 20 20 20 7d 0d 0a 20  20 20 20 20 20 20 20 7d
0d 0a 0d 0a 20 20 20 20  20 20 20 20 73 74 61 67
65 28 27 56 65 72 69 66  79 20 4b 75 62 65 72 6e
65 74 65 73 20 43 6c 75  73 74 65 72 27 29 20 7b
0d 0a 20 20 20 20 20 20  20 20 20 20 20 20 73 74
65 70 73 20 7b 0d 0a 20  20 20 20 20 20 20 20 20
20 20 20 20 20 20 20 65  63 68 6f 20 27 56 65 72
69 66 79 69 6e 67 20 4b  75 62 65 72 6e 65 74 65
73 20 63 6c 75 73 74 65  72 20 63 6f 6e 6e 65 63
74 69 76 69 74 79 2e 2e  2e 27 0d 0a 20 20 20 20
20 20 20 20 20 20 20 20  20 20 20 20 73 63 72 69
70 74 20 7b 0d 0a 20 20  20 20 20 20 20 20 20 20
20 20 20 20 20 20 20 20  20 20 62 61 74 20 22 22
22 0d 0a 20 20 20 20 20  20 20 20 20 20 20 20 20
20 20 20 20 20 20 20 20  20 20 20 65 63 68 6f 20
43 75 72 72 65 6e 74 20  4b 55 42 45 43 4f 4e 46
49 47 3a 20 25 4b 55 42  45 43 4f 4e 46 49 47 25
0d 0a 20 20 20 20 20 20  20 20 20 20 20 20 20 20
20 20 20 20 20 20 20 20  20 20 65 63 68 6f 2e 0d
0a 20 20 20 20 20 20 20  20 20 20 20 20 20 20 20
20 20 20 20 20 20 20 20  20 0d 0a 20 20 20 20 20
20 20 20 20 20 20 20 20  20 20 20 20 20 20 20 20
20 20 20 73 65 74 20 4b  55 42 45 43 4f 4e 46 49
47 3d 43 3a 5c 5c 55 73  65 72 73 5c 5c 50 72 61
73 61 6e 74 68 20 47 6f  6c 6c 61 5c 5c 2e 6b 75
62 65 5c 5c 63 6f 6e 66  69 67 0d 0a 20 20 20 20
20 20 20 20 20 20 20 20  20 20 20 20 20 20 20 20
20 20 20 20 0d 0a 20 20  20 20 20 20 20 20 20 20
20 20 20 20 20 20 20 20  20 20 20 20 20 20 65 63
68 6f 20 43 68 65 63 6b  69 6e 67 20 4b 75 62 65
72 6e 65 74 65 73 20 63  6f 6e 74 65 78 74 2e 2e
2e 0d 0a 20 20 20 20 20  20 20 20 20 20 20 20 20
20 20 20 20 20 20 20 20  20 20 20 6b 75 62 65 63
74 6c 20 63 6f 6e 66 69  67 20 63 75 72 72 65 6e
74 2d 63 6f 6e 74 65 78  74 0d 0a 20 20 20 20 20
20 20 20 20 20 20 20 20  20 20 20 20 20 20 20 20
20 20 20 0d 0a 20 20 20  20 20 20 20 20 20 20 20
20 20 20 20 20 20 20 20  20 20 20 20 20 65 63 68
6f 2e 0d 0a 20 20 20 20  20 20 20 20 20 20 20 20
20 20 20 20 20 20 20 20  20 20 20 20 65 63 68 6f
20 4b 75 62 65 72 6e 65  74 65 73 20 43 6c 75 73
74 65 72 20 49 6e 66 6f  3a 0d 0a 20 20 20 20 20
20 20 20 20 20 20 20 20  20 20 20 20 20 20 20 20
20 20 20 6b 75 62 65 63  74 6c 20 63 6c 75 73 74
65 72 2d 69 6e 66 6f 0d  0a 20 20 20 20 20 20 20
20 20 20 20 20 20 20 20  20 20 20 20 20 20 20 20
20 0d 0a 20 20 20 20 20  20 20 20 20 20 20 20 20
20 20 20 20 20 20 20 20  20 20 20 65 63 68 6f 2e
0d 0a 20 20 20 20 20 20  20 20 20 20 20 20 20 20
20 20 20 20 20 20 20 20  20 20 65 63 68 6f 20 43
68 65 63 6b 69 6e 67 20  4b 75 62 65 72 6e 65 74
65 73 20 6e 6f 64 65 73  3a 0d 0a 20 20 20 20 20
20 20 20 20 20 20 20 20  20 20 20 20 20 20 20 20
20 20 20 6b 75 62 65 63  74 6c 20 67 65 74 20 6e
6f 64 65 73 0d 0a 20 20  20 20 20 20 20 20 20 20
20 20 20 20 20 20 20 20  20 20 20 20 20 20 0d 0a
20 20 20 20 20 20 20 20  20 20 20 20 20 20 20 20
20 20 20 20 20 20 20 20  65 63 68 6f 2e 0d 0a 20
20 20 20 20 20 20 20 20  20 20 20 20 20 20 20 20
20 20 20 20 20 20 20 65  63 68 6f 20 43 68 65 63
6b 69 6e 67 20 6e 61 6d  65 73 70 61 63 65 3a 0d
0a 20 20 20 20 20 20 20  20 20 20 20 20 20 20 20
20 20 20 20 20 20 20 20  20 6b 75 62 65 63 74 6c
20 67 65 74 20 6e 61 6d  65 73 70 61 63 65 20 24
7b 4b 38 53 5f 4e 41 4d  45 53 50 41 43 45 7d 0d
0a 20 20 20 20 20 20 20  20 20 20 20 20 20 20 20
20 20 20 20 20 22 22 22  0d 0a 20 20 20 20 20 20
20 20 20 20 20 20 20 20  20 20 7d 0d 0a 20 20 20
20 20 20 20 20 20 20 20  20 20 20 20 20 65 63 68
6f 20 27 4b 75 62 65 72  6e 65 74 65 73 20 63 6c
75 73 74 65 72 20 76 65  72 69 66 69 63 61 74 69
6f 6e 20 63 6f 6d 70 6c  65 74 65 27 0d 0a 20 20
20 20 20 20 20 20 20 20  20 20 7d 0d 0a 20 20 20
20 20 20 20 20 7d 0d 0a  0d 0a 20 20 20 20 20 20
20 20 73 74 61 67 65 28  27 44 65 70 6c 6f 79 20
50 72 6f 6d 65 74 68 65  75 73 27 29 20 7b 0d 0a
20 20 20 20 20 20 20 20  20 20 20 20 73 74 65 70
73 20 7b 0d 0a 20 20 20  20 20 20 20 20 20 20 20
20 20 20 20 20 65 63 68  6f 20 27 3d 3d 3d 3d 3d
3d 3d 3d 3d 3d 3d 3d 3d  3d 3d 3d 3d 3d 3d 3d 3d
3d 3d 3d 3d 3d 3d 3d 3d  3d 3d 3d 3d 3d 3d 3d 3d
3d 3d 3d 3d 27 0d 0a 20  20 20 20 20 20 20 20 20
20 20 20 20 20 20 20 65  63 68 6f 20 27 44 65 70
6c 6f 79 69 6e 67 20 50  72 6f 6d 65 74 68 65 75
73 20 4d 6f 6e 69 74 6f  72 69 6e 67 27 0d 0a 20
20 20 20 20 20 20 20 20  20 20 20 20 20 20 20 65
63 68 6f 20 27 3d 3d 3d  3d 3d 3d 3d 3d 3d 3d 3d
3d 3d 3d 3d 3d 3d 3d 3d  3d 3d 3d 3d 3d 3d 3d 3d
3d 3d 3d 3d 3d 3d 3d 3d  3d 3d 3d 3d 3d 3d 27 0d
0a 20 20 20 20 20 20 20  20 20 20 20 20 20 20 20
20 73 63 72 69 70 74 20  7b 0d 0a 20 20 20 20 20
20 20 20 20 20 20 20 20  20 20 20 20 20 20 20 74
72 79 20 7b 0d 0a 20 20  20 20 20 20 20 20 20 20
20 20 20 20 20 20 20 20  20 20 20 20 20 20 62 61
74 20 22 22 22 0d 0a 20  20 20 20 20 20 20 20 20
20 20 20 20 20 20 20 20  20 20 20 20 20 20 20 20
20 20 20 73 65 74 20 4b  55 42 45 43 4f 4e 46 49
47 3d 43 3a 5c 5c 55 73  65 72 73 5c 5c 50 72 61
73 61 6e 74 68 20 47 6f  6c 6c 61 5c 5c 2e 6b 75
62 65 5c 5c 63 6f 6e 66  69 67 0d 0a 20 20 20 20
20 20 20 20 20 20 20 20  20 20 20 20 20 20 20 20
20 20 20 20 20 20 20 20  0d 0a 20 20 20 20 20 20
20 20 20 20 20 20 20 20  20 20 20 20 20 20 20 20
20 20 20 20 20 20 65 63  68 6f 2e 0d 0a 20 20 20
20 20 20 20 20 20 20 20  20 20 20 20 20 20 20 20
20 20 20 20 20 20 20 20  20 65 63 68 6f 20 5b 53
74 65 70 20 31 2f 33 5d  20 43 72 65 61 74 69 6e
67 20 6f 72 20 75 70 64  61 74 69 6e 67 20 50 72
6f 6d 65 74 68 65 75 73  20 43 6f 6e 66 69 67 4d
61 70 2e 2e 2e 0d 0a 20  20 20 20 20 20 20 20 20
20 20 20 20 20 20 20 20  20 20 20 20 20 20 20 20
20 20 20 6b 75 62 65 63  74 6c 20 61 70 70 6c 79
20 2d 66 20 6b 38 73 2f  70 72 6f 6d 65 74 68 65
75 73 2d 63 6f 6e 66 69  67 2e 79 61 6d 6c 0d 0a
20 20 20 20 20 20 20 20  20 20 20 20 20 20 20 20
20 20 20 20 20 20 20 20  20 20 20 20 0d 0a 20 20
20 20 20 20 20 20 20 20  20 20 20 20 20 20 20 20
20 20 20 20 20 20 20 20  20 20 65 63 68 6f 2e 0d
0a 20 20 20 20 20 20 20  20 20 20 20 20 20 20 20
20 20 20 20 20 20 20 20  20 20 20 20 20 65 63 68
6f 20 5b 53 74 65 70 20  32 2f 33 5d 20 43 68 65
63 6b 69 6e 67 20 69 66  20 50 72 6f 6d 65 74 68
65 75 73 20 64 65 70 6c  6f 79 6d 65 6e 74 20 65
78 69 73 74 73 2e 2e 2e  0d 0a 20 20 20 20 20 20
20 20 20 20 20 20 20 20  20 20 20 20 20 20 20 20
20 20 20 20 20 20 6b 75  62 65 63 74 6c 20 67 65
74 20 64 65 70 6c 6f 79  6d 65 6e 74 20 70 72 6f
6d 65 74 68 65 75 73 20  2d 6e 20 64 65 66 61 75
6c 74 20 32 3e 6e 75 6c  0d 0a 20 20 20 20 20 20
20 20 20 20 20 20 20 20  20 20 20 20 20 20 20 20
20 20 20 20 20 20 0d 0a  20 20 20 20 20 20 20 20
20 20 20 20 20 20 20 20  20 20 20 20 20 20 20 20
20 20 20 20 49 46 20 45  52 52 4f 52 4c 45 56 45
4c 20 31 20 28 0d 0a 20  20 20 20 20 20 20 20 20
20 20 20 20 20 20 20 20  20 20 20 20 20 20 20 20
20 20 20 20 20 20 20 65  63 68 6f 20 50 72 6f 6d
65 74 68 65 75 73 20 64  65 70 6c 6f 79 6d 65 6e
74 20 64 6f 65 73 20 6e  6f 74 20 65 78 69 73 74
2e 20 43 72 65 61 74 69  6e 67 20 6e 65 77 20 64
65 70 6c 6f 79 6d 65 6e  74 2e 2e 2e 0d 0a 20 20
20 20 20 20 20 20 20 20  20 20 20 20 20 20 20 20
20 20 20 20 20 20 20 20  20 20 20 20 20 20 0d 0a
20 20 20 20 20 20 20 20  20 20 20 20 20 20 20 20
20 20 20 20 20 20 20 20  20 20 20 20 20 20 20 20
65 63 68 6f 20 43 72 65  61 74 69 6e 67 20 50 72
6f 6d 65 74 68 65 75 73  20 44 65 70 6c 6f 79 6d
65 6e 74 2e 2e 2e 0d 0a  20 20 20 20 20 20 20 20
20 20 20 20 20 20 20 20  20 20 20 20 20 20 20 20
20 20 20 20 20 20 20 20  6b 75 62 65 63 74 6c 20
63 72 65 61 74 65 20 64  65 70 6c 6f 79 6d 65 6e
74 20 70 72 6f 6d 65 74  68 65 75 73 20 2d 2d 69
6d 61 67 65 3d 70 72 6f  6d 2f 70 72 6f 6d 65 74
68 65 75 73 3a 6c 61 74  65 73 74 20 2d 6e 20 64
65 66 61 75 6c 74 0d 0a  20 20 20 20 20 20 20 20
20 20 20 20 20 20 20 20  20 20 20 20 20 20 20 20
20 20 20 20 20 20 20 20  0d 0a 20 20 20 20 20 20
20 20 20 20 20 20 20 20  20 20 20 20 20 20 20 20
20 20 20 20 20 20 20 20  20 20 65 63 68 6f 2e 0d
0a 20 20 20 20 20 20 20  20 20 20 20 20 20 20 20
20 20 20 20 20 20 20 20  20 20 20 20 20 20 20 20
20 65 63 68 6f 20 43 6f  6e 66 69 67 75 72 69 6e
67 20 50 72 6f 6d 65 74  68 65 75 73 20 74 6f 20
75 73 65 20 43 6f 6e 66  69 67 4d 61 70 2e 2e 2e
0d 0a 20 20 20 20 20 20  20 20 20 20 20 20 20 20
20 20 20 20 20 20 20 20  20 20 20 20 20 20 20 20
20 20 6b 75 62 65 63 74  6c 20 73 65 74 20 76 6f
6c 75 6d 65 20 64 65 70  6c 6f 79 6d 65 6e 74 2f
70 72 6f 6d 65 74 68 65  75 73 20 5e 0d 0a 20 20
20 20 20 20 20 20 20 20  20 20 20 20 20 20 20 20
20 20 20 20 20 20 20 20  20 20 20 20 20 20 20 20
20 20 2d 2d 61 64 64 20  2d 2d 6e 61 6d 65 3d 70
72 6f 6d 65 74 68 65 75  73 2d 63 6f 6e 66 69 67
20 5e 0d 0a 20 20 20 20  20 20 20 20 20 20 20 20
20 20 20 20 20 20 20 20  20 20 20 20 20 20 20 20
20 20 20 20 20 20 20 20  2d 2d 6d 6f 75 6e 74 2d
70 61 74 68 3d 2f 65 74  63 2f 70 72 6f 6d 65 74
68 65 75 73 20 5e 0d 0a  20 20 20 20 20 20 20 20
20 20 20 20 20 20 20 20  20 20 20 20 20 20 20 20
20 20 20 20 20 20 20 20  20 20 20 20 2d 2d 63 6f
6e 66 69 67 6d 61 70 2d  6e 61 6d 65 3d 70 72 6f
6d 65 74 68 65 75 73 2d  63 6f 6e 66 69 67 20 2d
6e 20 64 65 66 61 75 6c  74 0d 0a 20 20 20 20 20
20 20 20 20 20 20 20 20  20 20 20 20 20 20 20 20
20 20 20 20 20 20 20 20  20 20 20 0d 0a 20 20 20
20 20 20 20 20 20 20 20  20 20 20 20 20 20 20 20
20 20 20 20 20 20 20 20  20 20 20 20 20 65 63 68
6f 2e 0d 0a 20 20 20 20  20 20 20 20 20 20 20 20
20 20 20 20 20 20 20 20  20 20 20 20 20 20 20 20
20 20 20 20 65 63 68 6f  20 53 65 74 74 69 6e 67
20 72 65 73 6f 75 72 63  65 20 6c 69 6d 69 74 73
2e 2e 2e 0d 0a 20 20 20  20 20 20 20 20 20 20 20
20 20 20 20 20 20 20 20  20 20 20 20 20 20 20 20
20 20 20 20 20 6b 75 62  65 63 74 6c 20 73 65 74
20 72 65 73 6f 75 72 63  65 73 20 64 65 70 6c 6f
79 6d 65 6e 74 2f 70 72  6f 6d 65 74 68 65 75 73
20 5e 0d 0a 20 20 20 20  20 20 20 20 20 20 20 20
20 20 20 20 20 20 20 20  20 20 20 20 20 20 20 20
20 20 20 20 20 20 20 20  2d 2d 6c 69 6d 69 74 73
3d 63 70 75 3d 35 30 30  6d 2c 6d 65 6d 6f 72 79
3d 31 47 69 20 5e 0d 0a  20 20 20 20 20 20 20 20
20 20 20 20 20 20 20 20  20 20 20 20 20 20 20 20
20 20 20 20 20 20 20 20  20 20 20 20 2d 2d 72 65
71 75 65 73 74 73 3d 63  70 75 3d 32 35 30 6d 2c
6d 65 6d 6f 72 79 3d 35  31 32 4d 69 20 2d 6e 20
64 65 66 61 75 6c 74 0d  0a 20 20 20 20 20 20 20
20 20 20 20 20 20 20 20  20 20 20 20 20 20 20 20
20 20 20 20 20 20 20 20  20 0d 0a 20 20 20 20 20
20 20 20 20 20 20 20 20  20 20 20 20 20 20 20 20
20 20 20 20 20 20 20 20  20 20 20 65 63 68 6f 2e
0d 0a 20 20 20 20 20 20  20 20 20 20 20 20 20 20
20 20 20 20 20 20 20 20  20 20 20 20 20 20 20 20
20 20 65 63 68 6f 20 43  72 65 61 74 69 6e 67 20
50 72 6f 6d 65 74 68 65  75 73 20 73 65 72 76 69
63 65 20 77 69 74 68 20  4e 6f 64 65 50 6f 72 74
20 33 30 30 39 30 2e 2e  2e 0d 0a 20 20 20 20 20
20 20 20 20 20 20 20 20  20 20 20 20 20 20 20 20
20 20 20 20 20 20 20 20  20 20 20 6b 75 62 65 63
74 6c 20 65 78 70 6f 73  65 20 64 65 70 6c 6f 79
6d 65 6e 74 20 70 72 6f  6d 65 74 68 65 75 73 20
5e 0d 0a 20 20 20 20 20  20 20 20 20 20 20 20 20
20 20 20 20 20 20 20 20  20 20 20 20 20 20 20 20
20 20 20 20 20 20 20 2d  2d 74 79 70 65 3d 4e 6f
64 65 50 6f 72 74 20 5e  0d 0a 20 20 20 20 20 20
20 20 20 20 20 20 20 20  20 20 20 20 20 20 20 20
20 20 20 20 20 20 20 20  20 20 20 20 20 20 2d 2d
70 6f 72 74 3d 39 30 39  30 20 5e 0d 0a 20 20 20
20 20 20 20 20 20 20 20  20 20 20 20 20 20 20 20
20 20 20 20 20 20 20 20  20 20 20 20 20 20 20 20
20 2d 2d 74 61 72 67 65  74 2d 70 6f 72 74 3d 39
30 39 30 20 5e 0d 0a 20  20 20 20 20 20 20 20 20
20 20 20 20 20 20 20 20  20 20 20 20 20 20 20 20
20 20 20 20 20 20 20 20  20 20 20 2d 2d 6e 61 6d
65 3d 70 72 6f 6d 65 74  68 65 75 73 2d 73 65 72
76 69 63 65 20 2d 6e 20  64 65 66 61 75 6c 74 0d
0a 20 20 20 20 20 20 20  20 20 20 20 20 20 20 20
20 20 20 20 20 20 20 20  20 20 20 20 20 20 20 20
20 0d 0a 20 20 20 20 20  20 20 20 20 20 20 20 20
20 20 20 20 20 20 20 20  20 20 20 20 20 20 20 20
20 20 20 74 69 6d 65 6f  75 74 20 2f 74 20 32 20
2f 6e 6f 62 72 65 61 6b  20 3e 6e 75 6c 0d 0a 20
20 20 20 20 20 20 20 20  20 20 20 20 20 20 20 20
20 20 20 20 20 20 20 20  20 20 20 20 20 20 20 0d
0a 20 20 20 20 20 20 20  20 20 20 20 20 20 20 20
20 20 20 20 20 20 20 20  20 20 20 20 20 20 20 20
20 65 63 68 6f 20 50 61  74 63 68 69 6e 67 20 73
65 72 76 69 63 65 20 74  6f 20 75 73 65 20 4e 6f
64 65 50 6f 72 74 20 33  30 30 39 30 2e 2e 2e 0d
0a 20 20 20 20 20 20 20  20 20 20 20 20 20 20 20
20 20 20 20 20 20 20 20  20 20 20 20 20 20 20 20
20 6b 75 62 65 63 74 6c  20 70 61 74 63 68 20 73
65 72 76 69 63 65 20 70  72 6f 6d 65 74 68 65 75
73 2d 73 65 72 76 69 63  65 20 2d 6e 20 64 65 66
61 75 6c 74 20 2d 2d 74  79 70 65 3d 6a 73 6f 6e
20 2d 70 3d 22 5b 7b 5c  5c 22 6f 70 5c 5c 22 3a
5c 5c 22 72 65 70 6c 61  63 65 5c 5c 22 2c 5c 5c
22 70 61 74 68 5c 5c 22  3a 5c 5c 22 2f 73 70 65
63 2f 70 6f 72 74 73 2f  30 2f 6e 6f 64 65 50 6f
72 74 5c 5c 22 2c 5c 5c  22 76 61 6c 75 65 5c 5c
22 3a 33 30 30 39 30 7d  5d 22 0d 0a 20 20 20 20
20 20 20 20 20 20 20 20  20 20 20 20 20 20 20 20
20 20 20 20 20 20 20 20  29 20 45 4c 53 45 20 28
0d 0a 20 20 20 20 20 20  20 20 20 20 20 20 20 20
20 20 20 20 20 20 20 20  20 20 20 20 20 20 20 20
20 20 65 63 68 6f 20 50  72 6f 6d 65 74 68 65 75
73 20 64 65 70 6c 6f 79  6d 65 6e 74 20 61 6c 72
65 61 64 79 20 65 78 69  73 74 73 2e 20 43 68 65
63 6b 69 6e 67 20 73 65  72 76 69 63 65 2e 2e 2e
0d 0a 20 20 20 20 20 20  20 20 20 20 20 20 20 20
20 20 20 20 20 20 20 20  20 20 20 20 20 20 20 20
20 20 6b 75 62 65 63 74  6c 20 67 65 74 20 73 76
63 20 70 72 6f 6d 65 74  68 65 75 73 2d 73 65 72
76 69 63 65 20 2d 6e 20  64 65 66 61 75 6c 74 20
32 3e 6e 75 6c 0d 0a 20  20 20 20 20 20 20 20 20
20 20 20 20 20 20 20 20  20 20 20 20 20 20 20 20
20 20 20 20 20 20 20 0d  0a 20 20 20 20 20 20 20
20 20 20 20 20 20 20 20  20 20 20 20 20 20 20 20
20 20 20 20 20 20 20 20  20 49 46 20 45 52 52 4f
52 4c 45 56 45 4c 20 31  20 28 0d 0a 20 20 20 20
20 20 20 20 20 20 20 20  20 20 20 20 20 20 20 20
20 20 20 20 20 20 20 20  20 20 20 20 20 20 20 20
65 63 68 6f 20 43 72 65  61 74 69 6e 67 20 50 72
6f 6d 65 74 68 65 75 73  20 73 65 72 76 69 63 65
2e 2e 2e 0d 0a 20 20 20  20 20 20 20 20 20 20 20
20 20 20 20 20 20 20 20  20 20 20 20 20 20 20 20
20 20 20 20 20 20 20 20  20 6b 75 62 65 63 74 6c
20 65 78 70 6f 73 65 20  64 65 70 6c 6f 79 6d 65
6e 74 20 70 72 6f 6d 65  74 68 65 75 73 20 5e 0d
0a 20 20 20 20 20 20 20  20 20 20 20 20 20 20 20
20 20 20 20 20 20 20 20  20 20 20 20 20 20 20 20
20 20 20 20 20 20 20 20  20 2d 2d 74 79 70 65 3d
4e 6f 64 65 50 6f 72 74  20 5e 0d 0a 20 20 20 20
20 20 20 20 20 20 20 20  20 20 20 20 20 20 20 20
20 20 20 20 20 20 20 20  20 20 20 20 20 20 20 20
20 20 20 20 2d 2d 70 6f  72 74 3d 39 30 39 30 20
5e 0d 0a 20 20 20 20 20  20 20 20 20 20 20 20 20
20 20 20 20 20 20 20 20  20 20 20 20 20 20 20 20
20 20 20 20 20 20 20 20  20 20 20 2d 2d 74 61 72
67 65 74 2d 70 6f 72 74  3d 39 30 39 30 20 5e 0d
0a 20 20 20 20 20 20 20  20 20 20 20 20 20 20 20
20 20 20 20 20 20 20 20  20 20 20 20 20 20 20 20
20 20 20 20 20 20 20 20  20 2d 2d 6e 61 6d 65 3d
70 72 6f 6d 65 74 68 65  75 73 2d 73 65 72 76 69
63 65 20 2d 6e 20 64 65  66 61 75 6c 74 0d 0a 20
20 20 20 20 20 20 20 20  20 20 20 20 20 20 20 20
20 20 20 20 20 20 20 20  20 20 20 20 20 20 20 20
20 20 20 0d 0a 20 20 20  20 20 20 20 20 20 20 20
20 20 20 20 20 20 20 20  20 20 20 20 20 20 20 20
20 20 20 20 20 20 20 20  20 74 69 6d 65 6f 75 74
20 2f 74 20 32 20 2f 6e  6f 62 72 65 61 6b 20 3e
6e 75 6c 0d 0a 20 20 20  20 20 20 20 20 20 20 20
20 20 20 20 20 20 20 20  20 20 20 20 20 20 20 20
20 20 20 20 20 20 20 20  20 6b 75 62 65 63 74 6c
20 70 61 74 63 68 20 73  65 72 76 69 63 65 20 70
72 6f 6d 65 74 68 65 75  73 2d 73 65 72 76 69 63
65 20 2d 6e 20 64 65 66  61 75 6c 74 20 2d 2d 74
79 70 65 3d 6a 73 6f 6e  20 2d 70 3d 22 5b 7b 5c
5c 22 6f 70 5c 5c 22 3a  5c 5c 22 72 65 70 6c 61
63 65 5c 5c 22 2c 5c 5c  22 70 61 74 68 5c 5c 22
3a 5c 5c 22 2f 73 70 65  63 2f 70 6f 72 74 73 2f
30 2f 6e 6f 64 65 50 6f  72 74 5c 5c 22 2c 5c 5c
22 76 61 6c 75 65 5c 5c  22 3a 33 30 30 39 30 7d
5d 22 0d 0a 20 20 20 20  20 20 20 20 20 20 20 20
20 20 20 20 20 20 20 20  20 20 20 20 20 20 20 20
20 20 20 20 29 20 45 4c  53 45 20 28 0d 0a 20 20
20 20 20 20 20 20 20 20  20 20 20 20 20 20 20 20
20 20 20 20 20 20 20 20  20 20 20 20 20 20 20 20
20 20 65 63 68 6f 20 53  65 72 76 69 63 65 20 65
78 69 73 74 73 2e 20 45  6e 73 75 72 69 6e 67 20
63 6f 72 72 65 63 74 20  4e 6f 64 65 50 6f 72 74
2e 2e 2e 0d 0a 20 20 20  20 20 20 20 20 20 20 20
20 20 20 20 20 20 20 20  20 20 20 20 20 20 20 20
20 20 20 20 20 20 20 20  20 6b 75 62 65 63 74 6c
20 70 61 74 63 68 20 73  65 72 76 69 63 65 20 70
72 6f 6d 65 74 68 65 75  73 2d 73 65 72 76 69 63
65 20 2d 6e 20 64 65 66  61 75 6c 74 20 2d 2d 74
79 70 65 3d 6a 73 6f 6e  20 2d 70 3d 22 5b 7b 5c
5c 22 6f 70 5c 5c 22 3a  5c 5c 22 72 65 70 6c 61
63 65 5c 5c 22 2c 5c 5c  22 70 61 74 68 5c 5c 22
3a 5c 5c 22 2f 73 70 65  63 2f 70 6f 72 74 73 2f
30 2f 6e 6f 64 65 50 6f  72 74 5c 5c 22 2c 5c 5c
22 76 61 6c 75 65 5c 5c  22 3a 33 30 30 39 30 7d
5d 22 20 32 3e 6e 75 6c  20 7c 7c 20 65 63 68 6f
20 4e 6f 64 65 50 6f 72  74 20 61 6c 72 65 61 64
79 20 73 65 74 0d 0a 20  20 20 20 20 20 20 20 20
20 20 20 20 20 20 20 20  20 20 20 20 20 20 20 20
20 20 20 20 20 20 20 29  0d 0a 20 20 20 20 20 20
20 20 20 20 20 20 20 20  20 20 20 20 20 20 20 20
20 20 20 20 20 20 20 20  20 20 0d 0a 20 20 20 20
20 20 20 20 20 20 20 20  20 20 20 20 20 20 20 20
20 20 20 20 20 20 20 20  20 20 20 20 65 63 68 6f
20 55 70 64 61 74 69 6e  67 20 63 6f 6e 66 69 67
75 72 61 74 69 6f 6e 2e  2e 2e 0d 0a 20 20 20 20
20 20 20 20 20 20 20 20  20 20 20 20 20 20 20 20
20 20 20 20 20 20 20 20  20 20 20 20 6b 75 62 65
63 74 6c 20 72 6f 6c 6c  6f 75 74 20 72 65 73 74
61 72 74 20 64 65 70 6c  6f 79 6d 65 6e 74 2f 70
72 6f 6d 65 74 68 65 75  73 20 2d 6e 20 64 65 66
61 75 6c 74 0d 0a 20 20  20 20 20 20 20 20 20 20
20 20 20 20 20 20 20 20  20 20 20 20 20 20 20 20
20 20 29 0d 0a 20 20 20  20 20 20 20 20 20 20 20
20 20 20 20 20 20 20 20  20 20 20 20 20 20 20 20
20 0d 0a 20 20 20 20 20  20 20 20 20 20 20 20 20
20 20 20 20 20 20 20 20  20 20 20 20 20 20 20 65
63 68 6f 2e 0d 0a 20 20  20 20 20 20 20 20 20 20
20 20 20 20 20 20 20 20  20 20 20 20 20 20 20 20
20 20 65 63 68 6f 20 5b  53 74 65 70 20 33 2f 33
5d 20 57 61 69 74 69 6e  67 20 66 6f 72 20 50 72
6f 6d 65 74 68 65 75 73  20 74 6f 20 62 65 20 72
65 61 64 79 2e 2e 2e 0d  0a 20 20 20 20 20 20 20
20 20 20 20 20 20 20 20  20 20 20 20 20 20 20 20
20 20 20 20 20 6b 75 62  65 63 74 6c 20 77 61 69
74 20 2d 2d 66 6f 72 3d  63 6f 6e 64 69 74 69 6f
6e 3d 61 76 61 69 6c 61  62 6c 65 20 2d 2d 74 69
6d 65 6f 75 74 3d 31 32  30 73 20 64 65 70 6c 6f
79 6d 65 6e 74 2f 70 72  6f 6d 65 74 68 65 75 73
20 2d 6e 20 64 65 66 61  75 6c 74 0d 0a 20 20 20
20 20 20 20 20 20 20 20  20 20 20 20 20 20 20 20
20 20 20 20 20 20 20 20  20 0d 0a 20 20 20 20 20
20 20 20 20 20 20 20 20  20 20 20 20 20 20 20 20
20 20 20 20 20 20 20 65  63 68 6f 2e 0d 0a 20 20
20 20 20 20 20 20 20 20  20 20 20 20 20 20 20 20
20 20 20 20 20 20 20 20  20 20 65 63 68 6f 20 3d
3d 3d 3d 3d 3d 3d 3d 3d  3d 3d 3d 3d 3d 3d 3d 3d
3d 3d 3d 3d 3d 3d 3d 3d  3d 3d 3d 3d 3d 3d 3d 3d
3d 3d 3d 3d 3d 3d 3d 0d  0a 20 20 20 20 20 20 20
20 20 20 20 20 20 20 20  20 20 20 20 20 20 20 20
20 20 20 20 20 65 63 68  6f 20 50 72 6f 6d 65 74
68 65 75 73 20 44 65 70  6c 6f 79 6d 65 6e 74 20
53 75 6d 6d 61 72 79 0d  0a 20 20 20 20 20 20 20
20 20 20 20 20 20 20 20  20 20 20 20 20 20 20 20
20 20 20 20 20 65 63 68  6f 20 3d 3d 3d 3d 3d 3d
3d 3d 3d 3d 3d 3d 3d 3d  3d 3d 3d 3d 3d 3d 3d 3d
3d 3d 3d 3d 3d 3d 3d 3d  3d 3d 3d 3d 3d 3d 3d 3d
3d 3d 0d 0a 20 20 20 20  20 20 20 20 20 20 20 20
20 20 20 20 20 20 20 20  20 20 20 20 20 20 20 20
6b 75 62 65 63 74 6c 20  67 65 74 20 64 65 70 6c
6f 79 6d 65 6e 74 20 70  72 6f 6d 65 74 68 65 75
73 20 2d 6e 20 64 65 66  61 75 6c 74 0d 0a 20 20
20 20 20 20 20 20 20 20  20 20 20 20 20 20 20 20
20 20 20 20 20 20 20 20  20 20 6b 75 62 65 63 74
6c 20 67 65 74 20 73 76  63 20 70 72 6f 6d 65 74
68 65 75 73 2d 73 65 72  76 69 63 65 20 2d 6e 20
64 65 66 61 75 6c 74 0d  0a 20 20 20 20 20 20 20
20 20 20 20 20 20 20 20  20 20 20 20 20 20 20 20
20 20 20 20 20 6b 75 62  65 63 74 6c 20 67 65 74
20 70 6f 64 73 20 2d 6c  20 61 70 70 3d 70 72 6f
6d 65 74 68 65 75 73 20  2d 6e 20 64 65 66 61 75
6c 74 0d 0a 20 20 20 20  20 20 20 20 20 20 20 20
20 20 20 20 20 20 20 20  20 20 20 20 20 20 20 20
65 63 68 6f 2e 0d 0a 20  20 20 20 20 20 20 20 20
20 20 20 20 20 20 20 20  20 20 20 20 20 20 20 20
20 20 20 65 63 68 6f 20  50 72 6f 6d 65 74 68 65
75 73 20 55 49 3a 20 68  74 74 70 3a 2f 2f 6c 6f
63 61 6c 68 6f 73 74 3a  33 30 30 39 30 0d 0a 20
20 20 20 20 20 20 20 20  20 20 20 20 20 20 20 20
20 20 20 20 20 20 20 20  20 20 20 65 63 68 6f 20
4d 65 74 72 69 63 73 20  65 6e 64 70 6f 69 6e 74
3a 20 68 74 74 70 3a 2f  2f 6c 6f 63 61 6c 68 6f
73 74 3a 33 30 30 39 30  2f 6d 65 74 72 69 63 73
0d 0a 20 20 20 20 20 20  20 20 20 20 20 20 20 20
20 20 20 20 20 20 20 20  20 20 20 20 20 20 65 63
68 6f 20 3d 3d 3d 3d 3d  3d 3d 3d 3d 3d 3d 3d 3d
3d 3d 3d 3d 3d 3d 3d 3d  3d 3d 3d 3d 3d 3d 3d 3d
3d 3d 3d 3d 3d 3d 3d 3d  3d 3d 3d 0d 0a 20 20 20
20 20 20 20 20 20 20 20  20 20 20 20 20 20 20 20
20 20 20 20 20 22 22 22  0d 0a 20 20 20 20 20 20
20 20 20 20 20 20 20 20  20 20 20 20 20 20 20 20
20 20 0d 0a 20 20 20 20  20 20 20 20 20 20 20 20
20 20 20 20 20 20 20 20  20 20 20 20 65 63 68 6f
20 27 50 72 6f 6d 65 74  68 65 75 73 20 64 65 70
6c 6f 79 6d 65 6e 74 20  73 75 63 63 65 73 73 66
75 6c 21 27 0d 0a 20 20  20 20 20 20 20 20 20 20
20 20 20 20 20 20 20 20  20 20 20 20 20 20 0d 0a
20 20 20 20 20 20 20 20  20 20 20 20 20 20 20 20
20 20 20 20 7d 20 63 61  74 63 68 20 28 65 72 72
29 20 7b 0d 0a 20 20 20  20 20 20 20 20 20 20 20
20 20 20 20 20 20 20 20  20 20 20 20 20 65 63 68
6f 20 22 50 72 6f 6d 65  74 68 65 75 73 20 64 65
70 6c 6f 79 6d 65 6e 74  20 77 61 72 6e 69 6e 67
3a 20 24 7b 65 72 72 2e  6d 65 73 73 61 67 65 7d
22 0d 0a 20 20 20 20 20  20 20 20 20 20 20 20 20
20 20 20 20 20 20 20 20  20 20 20 65 63 68 6f 20
27 43 6f 6e 74 69 6e 75  69 6e 67 20 77 69 74 68
20 70 69 70 65 6c 69 6e  65 2e 2e 2e 27 0d 0a 20
20 20 20 20 20 20 20 20  20 20 20 20 20 20 20 20
20 20 20 7d 0d 0a 20 20  20 20 20 20 20 20 20 20
20 20 20 20 20 20 7d 0d  0a 20 20 20 20 20 20 20
20 20 20 20 20 7d 0d 0a  20 20 20 20 20 20 20 20
7d 0d 0a 0d 0a 20 20 20  20 20 20 20 20 73 74 61
67 65 28 27 44 65 70 6c  6f 79 20 74 6f 20 4b 75
62 65 72 6e 65 74 65 73  27 29 20 7b 0d 0a 20 20
20 20 20 20 20 20 20 20  20 20 73 74 65 70 73 20
7b 0d 0a 20 20 20 20 20  20 20 20 20 20 20 20 20
20 20 20 65 63 68 6f 20  22 53 74 61 72 74 69 6e
67 20 4b 75 62 65 72 6e  65 74 65 73 20 64 65 70
6c 6f 79 6d 65 6e 74 20  74 6f 20 6e 61 6d 65 73
70 61 63 65 3a 20 24 7b  4b 38 53 5f 4e 41 4d 45
53 50 41 43 45 7d 22 0d  0a 20 20 20 20 20 20 20
20 20 20 20 20 20 20 20  20 73 63 72 69 70 74 20
7b 0d 0a 20 20 20 20 20  20 20 20 20 20 20 20 20
20 20 20 20 20 20 20 74  72 79 20 7b 0d 0a 20 20
20 20 20 20 20 20 20 20  20 20 20 20 20 20 20 20
20 20 20 20 20 20 62 61  74 20 22 22 22 0d 0a 20
20 20 20 20 20 20 20 20  20 20 20 20 20 20 20 20
20 20 20 20 20 20 20 20  20 20 20 73 65 74 20 4b
55 42 45 43 4f 4e 46 49  47 3d 43 3a 5c 5c 55 73
65 72 73 5c 5c 50 72 61  73 61 6e 74 68 20 47 6f
6c 6c 61 5c 5c 2e 6b 75  62 65 5c 5c 63 6f 6e 66
69 67 0d 0a 20 20 20 20  20 20 20 20 20 20 20 20
20 20 20 20 20 20 20 20  20 20 20 20 20 20 20 20
0d 0a 20 20 20 20 20 20  20 20 20 20 20 20 20 20
20 20 20 20 20 20 20 20  20 20 20 20 20 20 65 63
68 6f 2e 0d 0a 20 20 20  20 20 20 20 20 20 20 20
20 20 20 20 20 20 20 20  20 20 20 20 20 20 20 20
20 65 63 68 6f 20 5b 53  74 65 70 20 31 2f 34 5d
20 41 70 70 6c 79 69 6e  67 20 43 6f 6e 66 69 67
4d 61 70 2e 2e 2e 0d 0a  20 20 20 20 20 20 20 20
20 20 20 20 20 20 20 20  20 20 20 20 20 20 20 20
20 20 20 20 6b 75 62 65  63 74 6c 20 61 70 70 6c
79 20 2d 66 20 6b 38 73  2f 63 6f 6e 66 69 67 6d
61 70 2e 79 61 6d 6c 20  2d 2d 6e 61 6d 65 73 70
61 63 65 3d 24 7b 4b 38  53 5f 4e 41 4d 45 53 50
41 43 45 7d 0d 0a 20 20  20 20 20 20 20 20 20 20
20 20 20 20 20 20 20 20  20 20 20 20 20 20 20 20
20 20 0d 0a 20 20 20 20  20 20 20 20 20 20 20 20
20 20 20 20 20 20 20 20  20 20 20 20 20 20 20 20
65 63 68 6f 2e 0d 0a 20  20 20 20 20 20 20 20 20
20 20 20 20 20 20 20 20  20 20 20 20 20 20 20 20
20 20 20 65 63 68 6f 20  5b 53 74 65 70 20 32 2f
34 5d 20 41 70 70 6c 79  69 6e 67 20 53 65 72 76
69 63 65 2e 2e 2e 0d 0a  20 20 20 20 20 20 20 20
20 20 20 20 20 20 20 20  20 20 20 20 20 20 20 20
20 20 20 20 6b 75 62 65  63 74 6c 20 61 70 70 6c
79 20 2d 66 20 6b 38 73  2f 73 65 72 76 69 63 65
2e 79 61 6d 6c 20 2d 2d  6e 61 6d 65 73 70 61 63
65 3d 24 7b 4b 38 53 5f  4e 41 4d 45 53 50 41 43
45 7d 0d 0a 20 20 20 20  20 20 20 20 20 20 20 20
20 20 20 20 20 20 20 20  20 20 20 20 20 20 20 20
0d 0a 20 20 20 20 20 20  20 20 20 20 20 20 20 20
20 20 20 20 20 20 20 20  20 20 20 20 20 20 65 63
68 6f 2e 0d 0a 20 20 20  20 20 20 20 20 20 20 20
20 20 20 20 20 20 20 20  20 20 20 20 20 20 20 20
20 65 63 68 6f 20 5b 53  74 65 70 20 33 2f 34 5d
20 41 70 70 6c 79 69 6e  67 20 44 65 70 6c 6f 79
6d 65 6e 74 2e 2e 2e 0d  0a 20 20 20 20 20 20 20
20 20 20 20 20 20 20 20  20 20 20 20 20 20 20 20
20 20 20 20 20 6b 75 62  65 63 74 6c 20 61 70 70
6c 79 20 2d 66 20 6b 38  73 2f 64 65 70 6c 6f 79
6d 65 6e 74 2e 79 61 6d  6c 20 2d 2d 6e 61 6d 65
73 70 61 63 65 3d 24 7b  4b 38 53 5f 4e 41 4d 45
53 50 41 43 45 7d 0d 0a  20 20 20 20 20 20 20 20
20 20 20 20 20 20 20 20  20 20 20 20 20 20 20 20
20 20 20 20 0d 0a 20 20  20 20 20 20 20 20 20 20
20 20 20 20 20 20 20 20  20 20 20 20 20 20 20 20
20 20 65 63 68 6f 2e 0d  0a 20 20 20 20 20 20 20
20 20 20 20 20 20 20 20  20 20 20 20 20 20 20 20
20 20 20 20 20 65 63 68  6f 20 5b 53 74 65 70 20
34 2f 34 5d 20 55 70 64  61 74 69 6e 67 20 64 65
70 6c 6f 79 6d 65 6e 74  20 69 6d 61 67 65 20 74
6f 20 62 75 69 6c 64 20  24 7b 42 55 49 4c 44 5f
4e 55 4d 42 45 52 7d 2e  2e 2e 0d 0a 20 20 20 20
20 20 20 20 20 20 20 20  20 20 20 20 20 20 20 20
20 20 20 20 20 20 20 20  6b 75 62 65 63 74 6c 20
73 65 74 20 69 6d 61 67  65 20 64 65 70 6c 6f 79
6d 65 6e 74 2f 24 7b 4b  38 53 5f 44 45 50 4c 4f
59 4d 45 4e 54 7d 20 24  7b 4b 38 53 5f 43 4f 4e
54 41 49 4e 45 52 7d 3d  24 7b 44 4f 43 4b 45 52
5f 49 4d 41 47 45 7d 3a  24 7b 42 55 49 4c 44 5f
4e 55 4d 42 45 52 7d 20  2d 2d 6e 61 6d 65 73 70
61 63 65 3d 24 7b 4b 38  53 5f 4e 41 4d 45 53 50
41 43 45 7d 20 2d 2d 72  65 63 6f 72 64 0d 0a 20
20 20 20 20 20 20 20 20  20 20 20 20 20 20 20 20
20 20 20 20 20 20 20 20  20 20 20 0d 0a 20 20 20
20 20 20 20 20 20 20 20  20 20 20 20 20 20 20 20
20 20 20 20 20 20 20 20  20 65 63 68 6f 2e 0d 0a
20 20 20 20 20 20 20 20  20 20 20 20 20 20 20 20
20 20 20 20 20 20 20 20  20 20 20 20 65 63 68 6f
20 57 61 69 74 69 6e 67  20 66 6f 72 20 72 6f 6c
6c 6f 75 74 20 74 6f 20  63 6f 6d 70 6c 65 74 65
2e 2e 2e 0d 0a 20 20 20  20 20 20 20 20 20 20 20
20 20 20 20 20 20 20 20  20 20 20 20 20 20 20 20
20 6b 75 62 65 63 74 6c  20 72 6f 6c 6c 6f 75 74
20 73 74 61 74 75 73 20  64 65 70 6c 6f 79 6d 65
6e 74 2f 24 7b 4b 38 53  5f 44 45 50 4c 4f 59 4d
45 4e 54 7d 20 2d 2d 6e  61 6d 65 73 70 61 63 65
3d 24 7b 4b 38 53 5f 4e  41 4d 45 53 50 41 43 45
7d 20 2d 2d 74 69 6d 65  6f 75 74 3d 33 30 30 73
0d 0a 20 20 20 20 20 20  20 20 20 20 20 20 20 20
20 20 20 20 20 20 20 20  20 20 22 22 22 0d 0a 20
20 20 20 20 20 20 20 20  20 20 20 20 20 20 20 20
20 20 20 20 20 20 20 0d  0a 20 20 20 20 20 20 20
20 20 20 20 20 20 20 20  20 20 20 20 20 20 20 20
20 65 63 68 6f 20 27 44  65 70 6c 6f 79 6d 65 6e
74 20 73 75 63 63 65 73  73 66 75 6c 21 27 0d 0a
20 20 20 20 20 20 20 20  20 20 20 20 20 20 20 20
20 20 20 20 20 20 20 20  0d 0a 20 20 20 20 20 20
20 20 20 20 20 20 20 20  20 20 20 20 20 20 7d 20
63 61 74 63 68 20 28 65  72 72 29 20 7b 0d 0a 20
20 20 20 20 20 20 20 20  20 20 20 20 20 20 20 20
20 20 20 20 20 20 20 65  63 68 6f 20 22 44 65 70
6c 6f 79 6d 65 6e 74 20  66 61 69 6c 65 64 21 20
45 72 72 6f 72 3a 20 24  7b 65 72 72 2e 6d 65 73
73 61 67 65 7d 22 0d 0a  20 20 20 20 20 20 20 20
20 20 20 20 20 20 20 20  20 20 20 20 20 20 20 20
65 63 68 6f 20 27 41 74  74 65 6d 70 74 69 6e 67
20 61 75 74 6f 6d 61 74  69 63 20 72 6f 6c 6c 62
61 63 6b 2e 2e 2e 27 0d  0a 20 20 20 20 20 20 20
20 20 20 20 20 20 20 20  20 20 20 20 20 20 20 20
20 0d 0a 20 20 20 20 20  20 20 20 20 20 20 20 20
20 20 20 20 20 20 20 20  20 20 20 62 61 74 20 22
22 22 0d 0a 20 20 20 20  20 20 20 20 20 20 20 20
20 20 20 20 20 20 20 20  20 20 20 20 20 20 20 20
73 65 74 20 4b 55 42 45  43 4f 4e 46 49 47 3d 43
3a 5c 5c 55 73 65 72 73  5c 5c 50 72 61 73 61 6e
74 68 20 47 6f 6c 6c 61  5c 5c 2e 6b 75 62 65 5c
5c 63 6f 6e 66 69 67 0d  0a 20 20 20 20 20 20 20
20 20 20 20 20 20 20 20  20 20 20 20 20 20 20 20
20 20 20 20 20 6b 75 62  65 63 74 6c 20 72 6f 6c
6c 6f 75 74 20 75 6e 64  6f 20 64 65 70 6c 6f 79
6d 65 6e 74 2f 24 7b 4b  38 53 5f 44 45 50 4c 4f
59 4d 45 4e 54 7d 20 2d  2d 6e 61 6d 65 73 70 61
63 65 3d 24 7b 4b 38 53  5f 4e 41 4d 45 53 50 41
43 45 7d 0d 0a 20 20 20  20 20 20 20 20 20 20 20
20 20 20 20 20 20 20 20  20 20 20 20 20 20 20 20
20 6b 75 62 65 63 74 6c  20 72 6f 6c 6c 6f 75 74
20 73 74 61 74 75 73 20  64 65 70 6c 6f 79 6d 65
6e 74 2f 24 7b 4b 38 53  5f 44 45 50 4c 4f 59 4d
45 4e 54 7d 20 2d 2d 6e  61 6d 65 73 70 61 63 65
3d 24 7b 4b 38 53 5f 4e  41 4d 45 53 50 41 43 45
7d 20 2d 2d 74 69 6d 65  6f 75 74 3d 31 32 30 73
0d 0a 20 20 20 20 20 20  20 20 20 20 20 20 20 20
20 20 20 20 20 20 20 20  20 20 22 22 22 0d 0a 20
20 20 20 20 20 20 20 20  20 20 20 20 20 20 20 20
20 20 20 20 20 20 20 0d  0a 20 20 20 20 20 20 20
20 20 20 20 20 20 20 20  20 20 20 20 20 20 20 20
20 65 72 72 6f 72 28 22  44 65 70 6c 6f 79 6d 65
6e 74 20 66 61 69 6c 65  64 20 61 6e 64 20 68 61
73 20 62 65 65 6e 20 72  6f 6c 6c 65 64 20 62 61
63 6b 20 74 6f 20 70 72  65 76 69 6f 75 73 20 76
65 72 73 69 6f 6e 22 29  0d 0a 20 20 20 20 20 20
20 20 20 20 20 20 20 20  20 20 20 20 20 20 7d 0d
0a 20 20 20 20 20 20 20  20 20 20 20 20 20 20 20
20 7d 0d 0a 20 20 20 20  20 20 20 20 20 20 20 20
7d 0d 0a 20 20 20 20 20  20 20 20 7d 0d 0a 0d 0a
20 20 20 20 20 20 20 20  73 74 61 67 65 28 27 56
65 72 69 66 79 20 50 72  6f 6d 65 74 68 65 75 73
20 49 6e 74 65 67 72 61  74 69 6f 6e 27 29 20 7b
0d 0a 20 20 20 20 20 20  20 20 20 20 20 20 73 74
65 70 73 20 7b 0d 0a 20  20 20 20 20 20 20 20 20
20 20 20 20 20 20 20 62  61 74 20 22 22 22 0d 0a
20 20 20 20 20 20 20 20  20 20 20 20 20 20 20 20
73 65 74 20 50 52 4f 4d  5f 50 4f 52 54 3d 33 30
30 39 30 0d 0a 20 20 20  20 20 20 20 20 20 20 20
20 20 20 20 20 65 63 68  6f 20 50 72 6f 6d 65 74
68 65 75 73 20 69 73 20  61 76 61 69 6c 61 62 6c
65 20 6f 6e 20 4e 6f 64  65 50 6f 72 74 3a 20 25
50 52 4f 4d 5f 50 4f 52  54 25 0d 0a 0d 0a 20 20
20 20 20 20 20 20 20 20  20 20 20 20 20 20 65 63
68 6f 20 43 68 65 63 6b  69 6e 67 20 50 72 6f 6d
65 74 68 65 75 73 20 55  49 20 61 63 63 65 73 73
2e 2e 2e 0d 0a 20 20 20  20 20 20 20 20 20 20 20
20 20 20 20 20 63 75 72  6c 20 68 74 74 70 3a 2f
2f 6c 6f 63 61 6c 68 6f  73 74 3a 25 50 52 4f 4d
5f 50 4f 52 54 25 2f 67  72 61 70 68 20 7c 7c 20
65 78 69 74 20 2f 62 20  31 0d 0a 0d 0a 20 20 20
20 20 20 20 20 20 20 20  20 20 20 20 20 65 63 68
6f 20 43 68 65 63 6b 69  6e 67 20 53 70 72 69 6e
67 20 42 6f 6f 74 20 6d  65 74 72 69 63 73 20 65
6e 64 70 6f 69 6e 74 2e  2e 2e 0d 0a 20 20 20 20
20 20 20 20 20 20 20 20  20 20 20 20 63 75 72 6c
20 68 74 74 70 3a 2f 2f  6c 6f 63 61 6c 68 6f 73
74 3a 33 30 30 38 30 2f  61 63 74 75 61 74 6f 72
2f 70 72 6f 6d 65 74 68  65 75 73 20 7c 7c 20 65
78 69 74 20 2f 62 20 31  0d 0a 0d 0a 20 20 20 20
20 20 20 20 20 20 20 20  20 20 20 20 65 63 68 6f
20 50 72 6f 6d 65 74 68  65 75 73 20 61 6e 64 20
53 70 72 69 6e 67 20 42  6f 6f 74 20 6d 65 74 72
69 63 73 20 69 6e 74 65  67 72 61 74 69 6f 6e 20
76 65 72 69 66 69 65 64  20 73 75 63 63 65 73 73
66 75 6c 6c 79 21 0d 0a  20 20 20 20 20 20 20 20
20 20 20 20 20 20 20 20  22 22 22 0d 0a 20 20 20
20 20 20 20 20 20 20 20  20 7d 0d 0a 20 20 20 20
20 20 20 20 7d 0d 0a 0d  0a 20 20 20 20 20 20 20
20 73 74 61 67 65 28 27  56 65 72 69 66 79 20 44
65 70 6c 6f 79 6d 65 6e  74 27 29 20 7b 0d 0a 20
20 20 20 20 20 20 20 20  20 20 20 73 74 65 70 73
20 7b 0d 0a 20 20 20 20  20 20 20 20 20 20 20 20
20 20 20 20 65 63 68 6f  20 27 56 65 72 69 66 79
69 6e 67 20 64 65 70 6c  6f 79 6d 65 6e 74 20 73
74 61 74 75 73 2e 2e 2e  27 0d 0a 20 20 20 20 20
20 20 20 20 20 20 20 20  20 20 20 73 63 72 69 70
74 20 7b 0d 0a 20 20 20  20 20 20 20 20 20 20 20
20 20 20 20 20 20 20 20  20 62 61 74 20 22 22 22
0d 0a 20 20 20 20 20 20  20 20 20 20 20 20 20 20
20 20 20 20 20 20 20 20  20 20 73 65 74 20 4b 55
42 45 43 4f 4e 46 49 47  3d 43 3a 5c 5c 55 73 65
72 73 5c 5c 50 72 61 73  61 6e 74 68 20 47 6f 6c
6c 61 5c 5c 2e 6b 75 62  65 5c 5c 63 6f 6e 66 69
67 0d 0a 20 20 20 20 20  20 20 20 20 20 20 20 20
20 20 20 20 20 20 20 20  20 20 20 0d 0a 20 20 20
20 20 20 20 20 20 20 20  20 20 20 20 20 20 20 20
20 20 20 20 20 65 63 68  6f 2e 0d 0a 20 20 20 20
20 20 20 20 20 20 20 20  20 20 20 20 20 20 20 20
20 20 20 20 65 63 68 6f  20 3d 3d 3d 3d 3d 3d 3d
3d 3d 3d 3d 3d 3d 3d 3d  3d 3d 3d 3d 3d 3d 3d 3d
3d 3d 3d 3d 3d 3d 3d 3d  3d 3d 3d 3d 3d 3d 3d 3d
3d 0d 0a 20 20 20 20 20  20 20 20 20 20 20 20 20
20 20 20 20 20 20 20 20  20 20 20 65 63 68 6f 20
44 65 70 6c 6f 79 6d 65  6e 74 20 56 65 72 69 66
69 63 61 74 69 6f 6e 0d  0a 20 20 20 20 20 20 20
20 20 20 20 20 20 20 20  20 20 20 20 20 20 20 20
20 65 63 68 6f 20 3d 3d  3d 3d 3d 3d 3d 3d 3d 3d
3d 3d 3d 3d 3d 3d 3d 3d  3d 3d 3d 3d 3d 3d 3d 3d
3d 3d 3d 3d 3d 3d 3d 3d  3d 3d 3d 3d 3d 3d 0d 0a
20 20 20 20 20 20 20 20  20 20 20 20 20 20 20 20
20 20 20 20 20 20 20 20  0d 0a 20 20 20 20 20 20
20 20 20 20 20 20 20 20  20 20 20 20 20 20 20 20
20 20 65 63 68 6f 2e 0d  0a 20 20 20 20 20 20 20
20 20 20 20 20 20 20 20  20 20 20 20 20 20 20 20
20 65 63 68 6f 20 50 6f  64 73 20 69 6e 20 6e 61
6d 65 73 70 61 63 65 20  24 7b 4b 38 53 5f 4e 41
4d 45 53 50 41 43 45 7d  3a 0d 0a 20 20 20 20 20
20 20 20 20 20 20 20 20  20 20 20 20 20 20 20 20
20 20 20 6b 75 62 65 63  74 6c 20 67 65 74 20 70
6f 64 73 20 2d 2d 6e 61  6d 65 73 70 61 63 65 3d
24 7b 4b 38 53 5f 4e 41  4d 45 53 50 41 43 45 7d
20 2d 6c 20 61 70 70 3d  63 61 70 73 74 6f 6e 65
20 2d 6f 20 77 69 64 65  0d 0a 20 20 20 20 20 20
20 20 20 20 20 20 20 20  20 20 20 20 20 20 20 20
20 20 0d 0a 20 20 20 20  20 20 20 20 20 20 20 20
20 20 20 20 20 20 20 20  20 20 20 20 65 63 68 6f
2e 0d 0a 20 20 20 20 20  20 20 20 20 20 20 20 20
20 20 20 20 20 20 20 20  20 20 20 65 63 68 6f 20
53 65 72 76 69 63 65 20  64 65 74 61 69 6c 73 3a
0d 0a 20 20 20 20 20 20  20 20 20 20 20 20 20 20
20 20 20 20 20 20 20 20  20 20 6b 75 62 65 63 74
6c 20 67 65 74 20 73 76  63 20 24 7b 4b 38 53 5f
53 45 52 56 49 43 45 7d  20 2d 2d 6e 61 6d 65 73
70 61 63 65 3d 24 7b 4b  38 53 5f 4e 41 4d 45 53
50 41 43 45 7d 0d 0a 20  20 20 20 20 20 20 20 20
20 20 20 20 20 20 20 20  20 20 20 20 20 20 20 0d
0a 20 20 20 20 20 20 20  20 20 20 20 20 20 20 20
20 20 20 20 20 20 20 20  20 65 63 68 6f 2e 0d 0a
20 20 20 20 20 20 20 20  20 20 20 20 20 20 20 20
20 20 20 20 20 20 20 20  65 63 68 6f 20 45 6e 64
70 6f 69 6e 74 73 20 28  50 6f 64 20 49 50 73 29
3a 0d 0a 20 20 20 20 20  20 20 20 20 20 20 20 20
20 20 20 20 20 20 20 20  20 20 20 6b 75 62 65 63
74 6c 20 67 65 74 20 65  6e 64 70 6f 69 6e 74 73
20 24 7b 4b 38 53 5f 53  45 52 56 49 43 45 7d 20
2d 2d 6e 61 6d 65 73 70  61 63 65 3d 24 7b 4b 38
53 5f 4e 41 4d 45 53 50  41 43 45 7d 0d 0a 20 20
20 20 20 20 20 20 20 20  20 20 20 20 20 20 20 20
20 20 20 20 20 20 0d 0a  20 20 20 20 20 20 20 20
20 20 20 20 20 20 20 20  20 20 20 20 20 20 20 20
65 63 68 6f 2e 0d 0a 20  20 20 20 20 20 20 20 20
20 20 20 20 20 20 20 20  20 20 20 20 20 20 20 65
63 68 6f 20 44 65 70 6c  6f 79 6d 65 6e 74 20 73
74 61 74 75 73 3a 0d 0a  20 20 20 20 20 20 20 20
20 20 20 20 20 20 20 20  20 20 20 20 20 20 20 20
6b 75 62 65 63 74 6c 20  67 65 74 20 64 65 70 6c
6f 79 6d 65 6e 74 20 24  7b 4b 38 53 5f 44 45 50
4c 4f 59 4d 45 4e 54 7d  20 2d 2d 6e 61 6d 65 73
70 61 63 65 3d 24 7b 4b  38 53 5f 4e 41 4d 45 53
50 41 43 45 7d 0d 0a 20  20 20 20 20 20 20 20 20
20 20 20 20 20 20 20 20  20 20 20 20 20 20 20 0d
0a 20 20 20 20 20 20 20  20 20 20 20 20 20 20 20
20 20 20 20 20 20 20 20  20 65 63 68 6f 2e 0d 0a
20 20 20 20 20 20 20 20  20 20 20 20 20 20 20 20
20 20 20 20 20 20 20 20  65 63 68 6f 20 3d 3d 3d
3d 3d 3d 3d 3d 3d 3d 3d  3d 3d 3d 3d 3d 3d 3d 3d
3d 3d 3d 3d 3d 3d 3d 3d  3d 3d 3d 3d 3d 3d 3d 3d
3d 3d 3d 3d 3d 0d 0a 20  20 20 20 20 20 20 20 20
20 20 20 20 20 20 20 20  20 20 20 20 20 20 20 65
63 68 6f 20 41 70 70 6c  69 63 61 74 69 6f 6e 20
41 63 63 65 73 73 20 49  6e 66 6f 72 6d 61 74 69
6f 6e 0d 0a 20 20 20 20  20 20 20 20 20 20 20 20
20 20 20 20 20 20 20 20  20 20 20 20 65 63 68 6f
20 3d 3d 3d 3d 3d 3d 3d  3d 3d 3d 3d 3d 3d 3d 3d
3d 3d 3d 3d 3d 3d 3d 3d  3d 3d 3d 3d 3d 3d 3d 3d
3d 3d 3d 3d 3d 3d 3d 3d  3d 0d 0a 20 20 20 20 20
20 20 20 20 20 20 20 20  20 20 20 20 20 20 20 20
20 20 20 65 63 68 6f 20  41 70 70 6c 69 63 61 74
69 6f 6e 20 55 52 4c 3a  20 68 74 74 70 3a 2f 2f
6c 6f 63 61 6c 68 6f 73  74 3a 33 30 30 38 30 0d
0a 20 20 20 20 20 20 20  20 20 20 20 20 20 20 20
20 20 20 20 20 20 20 20  20 65 63 68 6f 20 44 61
73 68 62 6f 61 72 64 3a  20 68 74 74 70 3a 2f 2f
6c 6f 63 61 6c 68 6f 73  74 3a 33 30 30 38 30 2f
69 6e 64 65 78 2e 68 74  6d 6c 0d 0a 20 20 20 20
20 20 20 20 20 20 20 20  20 20 20 20 20 20 20 20
20 20 20 20 65 63 68 6f  20 48 65 61 6c 74 68 20
43 68 65 63 6b 3a 20 68  74 74 70 3a 2f 2f 6c 6f
63 61 6c 68 6f 73 74 3a  33 30 30 38 30 2f 61 63
74 75 61 74 6f 72 2f 68  65 61 6c 74 68 0d 0a 20
20 20 20 20 20 20 20 20  20 20 20 20 20 20 20 20
20 20 20 20 20 20 20 65  63 68 6f 20 50 72 6f 6d
65 74 68 65 75 73 20 4d  65 74 72 69 63 73 3a 20
68 74 74 70 3a 2f 2f 6c  6f 63 61 6c 68 6f 73 74
3a 33 30 30 38 30 2f 61  63 74 75 61 74 6f 72 2f
70 72 6f 6d 65 74 68 65  75 73 0d 0a 20 20 20 20
20 20 20 20 20 20 20 20  20 20 20 20 20 20 20 20
20 20 20 20 65 63 68 6f  20 50 72 6f 6d 65 74 68
65 75 73 20 55 49 3a 20  68 74 74 70 3a 2f 2f 6c
6f 63 61 6c 68 6f 73 74  3a 33 30 30 39 30 0d 0a
20 20 20 20 20 20 20 20  20 20 20 20 20 20 20 20
20 20 20 20 20 20 20 20  65 63 68 6f 20 3d 3d 3d
3d 3d 3d 3d 3d 3d 3d 3d  3d 3d 3d 3d 3d 3d 3d 3d
3d 3d 3d 3d 3d 3d 3d 3d  3d 3d 3d 3d 3d 3d 3d 3d
3d 3d 3d 3d 3d 0d 0a 20  20 20 20 20 20 20 20 20
20 20 20 20 20 20 20 20  20 20 20 22 22 22 0d 0a
20 20 20 20 20 20 20 20  20 20 20 20 20 20 20 20
7d 0d 0a 20 20 20 20 20  20 20 20 20 20 20 20 20
20 20 20 65 63 68 6f 20  27 44 65 70 6c 6f 79 6d
65 6e 74 20 76 65 72 69  66 69 63 61 74 69 6f 6e
20 63 6f 6d 70 6c 65 74  65 27 0d 0a 20 20 20 20
20 20 20 20 20 20 20 20  7d 0d 0a 20 20 20 20 20
20 20 20 7d 0d 0a 0d 0a  20 20 20 20 20 20 20 20
73 74 61 67 65 28 27 48  65 61 6c 74 68 20 43 68
65 63 6b 27 29 20 7b 0d  0a 20 20 20 20 20 20 20
20 20 20 20 20 73 74 65  70 73 20 7b 0d 0a 20 20
20 20 20 20 20 20 20 20  20 20 20 20 20 20 65 63
68 6f 20 27 52 75 6e 6e  69 6e 67 20 61 70 70 6c
69 63 61 74 69 6f 6e 20  68 65 61 6c 74 68 20 63
68 65 63 6b 2e 2e 2e 27  0d 0a 20 20 20 20 20 20
20 20 20 20 20 20 20 20  20 20 73 63 72 69 70 74
20 7b 0d 0a 20 20 20 20  20 20 20 20 20 20 20 20
20 20 20 20 20 20 20 20  65 63 68 6f 20 27 57 61
69 74 69 6e 67 20 33 30  20 73 65 63 6f 6e 64 73
20 66 6f 72 20 61 70 70  6c 69 63 61 74 69 6f 6e
20 74 6f 20 73 74 61 62  69 6c 69 7a 65 2e 2e 2e
27 0d 0a 20 20 20 20 20  20 20 20 20 20 20 20 20
20 20 20 20 20 20 20 73  6c 65 65 70 28 74 69 6d
65 3a 20 33 30 2c 20 75  6e 69 74 3a 20 27 53 45
43 4f 4e 44 53 27 29 0d  0a 20 20 20 20 20 20 20
20 20 20 20 20 20 20 20  20 20 20 20 20 0d 0a 20
20 20 20 20 20 20 20 20  20 20 20 20 20 20 20 20
20 20 20 74 72 79 20 7b  0d 0a 20 20 20 20 20 20
20 20 20 20 20 20 20 20  20 20 20 20 20 20 20 20
20 20 65 63 68 6f 20 27  54 65 73 74 69 6e 67 20
61 70 70 6c 69 63 61 74  69 6f 6e 20 65 6e 64 70
6f 69 6e 74 2e 2e 2e 27  0d 0a 20 20 20 20 20 20
20 20 20 20 20 20 20 20  20 20 20 20 20 20 20 20
20 20 64 65 66 20 72 65  73 70 6f 6e 73 65 20 3d
20 62 61 74 28 0d 0a 20  20 20 20 20 20 20 20 20
20 20 20 20 20 20 20 20  20 20 20 20 20 20 20 20
20 20 20 73 63 72 69 70  74 3a 20 27 63 75 72 6c
20 2d 73 20 2d 6f 20 4e  55 4c 20 2d 77 20 22 25
25 7b 68 74 74 70 5f 63  6f 64 65 7d 22 20 68 74
74 70 3a 2f 2f 6c 6f 63  61 6c 68 6f 73 74 3a 33
30 30 38 30 27 2c 0d 0a  20 20 20 20 20 20 20 20
20 20 20 20 20 20 20 20  20 20 20 20 20 20 20 20
20 20 20 20 72 65 74 75  72 6e 53 74 64 6f 75 74
3a 20 74 72 75 65 0d 0a  20 20 20 20 20 20 20 20
20 20 20 20 20 20 20 20  20 20 20 20 20 20 20 20
29 2e 74 72 69 6d 28 29  0d 0a 20 20 20 20 20 20
20 20 20 20 20 20 20 20  20 20 20 20 20 20 20 20
20 20 0d 0a 20 20 20 20  20 20 20 20 20 20 20 20
20 20 20 20 20 20 20 20  20 20 20 20 65 63 68 6f
20 22 48 54 54 50 20 52  65 73 70 6f 6e 73 65 20
43 6f 64 65 3a 20 24 7b  72 65 73 70 6f 6e 73 65
7d 22 0d 0a 20 20 20 20  20 20 20 20 20 20 20 20
20 20 20 20 20 20 20 20  20 20 20 20 0d 0a 20 20
20 20 20 20 20 20 20 20  20 20 20 20 20 20 20 20
20 20 20 20 20 20 69 66  20 28 72 65 73 70 6f 6e
73 65 20 3d 3d 20 27 32  30 30 27 29 20 7b 0d 0a
20 20 20 20 20 20 20 20  20 20 20 20 20 20 20 20
20 20 20 20 20 20 20 20  20 20 20 20 65 63 68 6f
20 22 48 65 61 6c 74 68  20 63 68 65 63 6b 20 50
41 53 53 45 44 21 20 41  70 70 6c 69 63 61 74 69
6f 6e 20 69 73 20 72 65  73 70 6f 6e 64 69 6e 67
20 63 6f 72 72 65 63 74  6c 79 2e 22 0d 0a 20 20
20 20 20 20 20 20 20 20  20 20 20 20 20 20 20 20
20 20 20 20 20 20 7d 20  65 6c 73 65 20 69 66 20
28 72 65 73 70 6f 6e 73  65 20 3d 3d 20 27 30 30
30 27 29 20 7b 0d 0a 20  20 20 20 20 20 20 20 20
20 20 20 20 20 20 20 20  20 20 20 20 20 20 20 20
20 20 20 65 63 68 6f 20  22 57 61 72 6e 69 6e 67
3a 20 43 6f 75 6c 64 20  6e 6f 74 20 63 6f 6e 6e
65 63 74 20 74 6f 20 61  70 70 6c 69 63 61 74 69
6f 6e 2e 20 49 74 20 6d  61 79 20 73 74 69 6c 6c
20 62 65 20 73 74 61 72  74 69 6e 67 20 75 70 2e
22 0d 0a 20 20 20 20 20  20 20 20 20 20 20 20 20
20 20 20 20 20 20 20 20  20 20 20 7d 20 65 6c 73
65 20 7b 0d 0a 20 20 20  20 20 20 20 20 20 20 20
20 20 20 20 20 20 20 20  20 20 20 20 20 20 20 20
20 65 63 68 6f 20 22 57  61 72 6e 69 6e 67 3a 20
55 6e 65 78 70 65 63 74  65 64 20 72 65 73 70 6f
6e 73 65 20 63 6f 64 65  3a 20 24 7b 72 65 73 70
6f 6e 73 65 7d 22 0d 0a  20 20 20 20 20 20 20 20
20 20 20 20 20 20 20 20  20 20 20 20 20 20 20 20
7d 0d 0a 20 20 20 20 20  20 20 20 20 20 20 20 20
20 20 20 20 20 20 20 20  20 20 20 0d 0a 20 20 20
20 20 20 20 20 20 20 20  20 20 20 20 20 20 20 20
20 20 20 20 20 65 63 68  6f 20 27 54 65 73 74 69
6e 67 20 50 72 6f 6d 65  74 68 65 75 73 20 6d 65
74 72 69 63 73 20 65 6e  64 70 6f 69 6e 74 2e 2e
2e 27 0d 0a 20 20 20 20  20 20 20 20 20 20 20 20
20 20 20 20 20 20 20 20  20 20 20 20 64 65 66 20
6d 65 74 72 69 63 73 52  65 73 70 6f 6e 73 65 20
3d 20 62 61 74 28 0d 0a  20 20 20 20 20 20 20 20
20 20 20 20 20 20 20 20  20 20 20 20 20 20 20 20
20 20 20 20 73 63 72 69  70 74 3a 20 27 63 75 72
6c 20 2d 73 20 2d 6f 20  4e 55 4c 20 2d 77 20 22
25 25 7b 68 74 74 70 5f  63 6f 64 65 7d 22 20 68
74 74 70 3a 2f 2f 6c 6f  63 61 6c 68 6f 73 74 3a
33 30 30 38 30 2f 61 63  74 75 61 74 6f 72 2f 70
72 6f 6d 65 74 68 65 75  73 27 2c 0d 0a 20 20 20
20 20 20 20 20 20 20 20  20 20 20 20 20 20 20 20
20 20 20 20 20 20 20 20  20 72 65 74 75 72 6e 53
74 64 6f 75 74 3a 20 74  72 75 65 0d 0a 20 20 20
20 20 20 20 20 20 20 20  20 20 20 20 20 20 20 20
20 20 20 20 20 29 2e 74  72 69 6d 28 29 0d 0a 20
20 20 20 20 20 20 20 20  20 20 20 20 20 20 20 20
20 20 20 20 20 20 20 0d  0a 20 20 20 20 20 20 20
20 20 20 20 20 20 20 20  20 20 20 20 20 20 20 20
20 69 66 20 28 6d 65 74  72 69 63 73 52 65 73 70
6f 6e 73 65 20 3d 3d 20  27 32 30 30 27 29 20 7b
0d 0a 20 20 20 20 20 20  20 20 20 20 20 20 20 20
20 20 20 20 20 20 20 20  20 20 20 20 20 20 65 63
68 6f 20 22 50 72 6f 6d  65 74 68 65 75 73 20 6d
65 74 72 69 63 73 20 65  6e 64 70 6f 69 6e 74 20
69 73 20 61 63 63 65 73  73 69 62 6c 65 21 22 0d
0a 20 20 20 20 20 20 20  20 20 20 20 20 20 20 20
20 20 20 20 20 20 20 20  20 7d 20 65 6c 73 65 20
7b 0d 0a 20 20 20 20 20  20 20 20 20 20 20 20 20
20 20 20 20 20 20 20 20  20 20 20 20 20 20 20 65
63 68 6f 20 22 57 61 72  6e 69 6e 67 3a 20 50 72
6f 6d 65 74 68 65 75 73  20 6d 65 74 72 69 63 73
20 65 6e 64 70 6f 69 6e  74 20 72 65 74 75 72 6e
65 64 3a 20 24 7b 6d 65  74 72 69 63 73 52 65 73
70 6f 6e 73 65 7d 22 0d  0a 20 20 20 20 20 20 20
20 20 20 20 20 20 20 20  20 20 20 20 20 20 20 20
20 7d 0d 0a 20 20 20 20  20 20 20 20 20 20 20 20
20 20 20 20 20 20 20 20  20 20 20 20 0d 0a 20 20
20 20 20 20 20 20 20 20  20 20 20 20 20 20 20 20
20 20 7d 20 63 61 74 63  68 20 28 65 72 72 29 20
7b 0d 0a 20 20 20 20 20  20 20 20 20 20 20 20 20
20 20 20 20 20 20 20 20  20 20 20 65 63 68 6f 20
22 48 65 61 6c 74 68 20  63 68 65 63 6b 20 63 6f
75 6c 64 20 6e 6f 74 20  62 65 20 63 6f 6d 70 6c
65 74 65 64 20 61 75 74  6f 6d 61 74 69 63 61 6c
6c 79 2e 22 0d 0a 20 20  20 20 20 20 20 20 20 20
20 20 20 20 20 20 20 20  20 20 20 20 20 20 65 63
68 6f 20 22 50 6c 65 61  73 65 20 76 65 72 69 66
79 20 6d 61 6e 75 61 6c  6c 79 20 61 74 3a 20 68
74 74 70 3a 2f 2f 6c 6f  63 61 6c 68 6f 73 74 3a
33 30 30 38 30 22 0d 0a  20 20 20 20 20 20 20 20
20 20 20 20 20 20 20 20  20 20 20 20 7d 0d 0a 20
20 20 20 20 20 20 20 20  20 20 20 20 20 20 20 7d
0d 0a 20 20 20 20 20 20  20 20 20 20 20 20 20 20
20 20 65 63 68 6f 20 27  48 65 61 6c 74 68 20 63
68 65 63 6b 20 73 74 61  67 65 20 63 6f 6d 70 6c
65 74 65 27 0d 0a 20 20  20 20 20 20 20 20 20 20
20 20 7d 0d 0a 20 20 20  20 20 20 20 20 7d 0d 0a
0d 0a 20 20 20 20 20 20  20 20 73 74 61 67 65 28
27 44 69 73 70 6c 61 79  20 4c 6f 67 73 27 29 20
7b 0d 0a 20 20 20 20 20  20 20 20 20 20 20 20 73
74 65 70 73 20 7b 0d 0a  20 20 20 20 20 20 20 20
20 20 20 20 20 20 20 20  65 63 68 6f 20 27 46 65
74 63 68 69 6e 67 20 72  65 63 65 6e 74 20 61 70
70 6c 69 63 61 74 69 6f  6e 20 6c 6f 67 73 2e 2e
2e 27 0d 0a 20 20 20 20  20 20 20 20 20 20 20 20
20 20 20 20 73 63 72 69  70 74 20 7b 0d 0a 20 20
20 20 20 20 20 20 20 20  20 20 20 20 20 20 20 20
20 20 62 61 74 20 22 22  22 0d 0a 20 20 20 20 20
20 20 20 20 20 20 20 20  20 20 20 20 20 20 20 20
20 20 20 73 65 74 20 4b  55 42 45 43 4f 4e 46 49
47 3d 43 3a 5c 5c 55 73  65 72 73 5c 5c 50 72 61
73 61 6e 74 68 20 47 6f  6c 6c 61 5c 5c 2e 6b 75
62 65 5c 5c 63 6f 6e 66  69 67 0d 0a 20 20 20 20
20 20 20 20 20 20 20 20  20 20 20 20 20 20 20 20
20 20 20 20 0d 0a 20 20  20 20 20 20 20 20 20 20
20 20 20 20 20 20 20 20  20 20 20 20 20 20 65 63
68 6f 2e 0d 0a 20 20 20  20 20 20 20 20 20 20 20
20 20 20 20 20 20 20 20  20 20 20 20 20 65 63 68
6f 20 3d 3d 3d 3d 3d 3d  3d 3d 3d 3d 3d 3d 3d 3d
3d 3d 3d 3d 3d 3d 3d 3d  3d 3d 3d 3d 3d 3d 3d 3d
3d 3d 3d 3d 3d 3d 3d 3d  3d 3d 0d 0a 20 20 20 20
20 20 20 20 20 20 20 20  20 20 20 20 20 20 20 20
20 20 20 20 65 63 68 6f  20 52 65 63 65 6e 74 20
41 70 70 6c 69 63 61 74  69 6f 6e 20 4c 6f 67 73
20 28 4c 61 73 74 20 33  30 20 6c 69 6e 65 73 29
0d 0a 20 20 20 20 20 20  20 20 20 20 20 20 20 20
20 20 20 20 20 20 20 20  20 20 65 63 68 6f 20 3d
3d 3d 3d 3d 3d 3d 3d 3d  3d 3d 3d 3d 3d 3d 3d 3d
3d 3d 3d 3d 3d 3d 3d 3d  3d 3d 3d 3d 3d 3d 3d 3d
3d 3d 3d 3d 3d 3d 3d 0d  0a 20 20 20 20 20 20 20
20 20 20 20 20 20 20 20  20 20 20 20 20 20 20 20
20 6b 75 62 65 63 74 6c  20 6c 6f 67 73 20 64 65
70 6c 6f 79 6d 65 6e 74  2f 24 7b 4b 38 53 5f 44
45 50 4c 4f 59 4d 45 4e  54 7d 20 2d 2d 6e 61 6d
65 73 70 61 63 65 3d 24  7b 4b 38 53 5f 4e 41 4d
45 53 50 41 43 45 7d 20  2d 2d 74 61 69 6c 3d 33
30 0d 0a 20 20 20 20 20  20 20 20 20 20 20 20 20
20 20 20 20 20 20 20 20  20 20 20 65 63 68 6f 20
3d 3d 3d 3d 3d 3d 3d 3d  3d 3d 3d 3d 3d 3d 3d 3d
3d 3d 3d 3d 3d 3d 3d 3d  3d 3d 3d 3d 3d 3d 3d 3d
3d 3d 3d 3d 3d 3d 3d 3d  0d 0a 20 20 20 20 20 20
20 20 20 20 20 20 20 20  20 20 20 20 20 20 22 22
22 0d 0a 20 20 20 20 20  20 20 20 20 20 20 20 20
20 20 20 7d 0d 0a 20 20  20 20 20 20 20 20 20 20
20 20 20 20 20 20 65 63  68 6f 20 27 4c 6f 67 73
20 64 69 73 70 6c 61 79  65 64 27 0d 0a 20 20 20
20 20 20 20 20 20 20 20  20 7d 0d 0a 20 20 20 20
20 20 20 20 7d 0d 0a 0d  0a 20 20 20 20 20 20 20
20 73 74 61 67 65 28 27  53 61 76 65 20 42 75 69
6c 64 20 53 75 6d 6d 61  72 79 27 29 20 7b 0d 0a
20 20 20 20 20 20 20 20  20 20 20 20 73 74 65 70
73 20 7b 0d 0a 20 20 20  20 20 20 20 20 20 20 20
20 20 20 20 20 65 63 68  6f 20 27 53 61 76 69 6e
67 20 62 75 69 6c 64 20  73 75 6d 6d 61 72 79 2e
2e 2e 27 0d 0a 20 20 20  20 20 20 20 20 20 20 20
20 20 20 20 20 73 63 72  69 70 74 20 7b 0d 0a 20
20 20 20 20 20 20 20 20  20 20 20 20 20 20 20 20
20 20 20 64 65 66 20 73  75 6d 6d 61 72 79 20 3d
20 22 22 22 5c 0d 0a 2b  2d 2d 2d 2d 2d 2d 2d 2d
2d 2d 2d 2d 2d 2d 2d 2d  2d 2d 2d 2d 2d 2d 2d 2d
2d 2d 2d 2d 2d 2d 2d 2d  2d 2d 2d 2d 2d 2d 2d 2d
2d 2d 2d 2d 2d 2d 2d 2d  2d 2d 2d 2d 2d 2d 2d 2d
2d 2d 2d 2b 0d 0a 7c 20  20 20 20 20 20 20 20 20
20 20 20 20 42 55 49 4c  44 20 26 20 44 45 50 4c
4f 59 4d 45 4e 54 20 53  55 4d 4d 41 52 59 20 20
20 20 20 20 20 20 20 20  20 20 20 20 20 20 20 20
20 20 7c 0d 0a 2b 2d 2d  2d 2d 2d 2d 2d 2d 2d 2d
2d 2d 2d 2d 2d 2d 2d 2d  2d 2d 2d 2d 2d 2d 2d 2d
2d 2d 2d 2d 2d 2d 2d 2d  2d 2d 2d 2d 2d 2d 2d 2d
2d 2d 2d 2d 2d 2d 2d 2d  2d 2d 2d 2d 2d 2d 2d 2d
2d 2b 0d 0a 0d 0a 42 75  69 6c 64 20 49 6e 66 6f
72 6d 61 74 69 6f 6e 3a  0d 0a 20 20 2d 20 53 74
61 74 75 73 3a 20 24 7b  63 75 72 72 65 6e 74 42
75 69 6c 64 2e 63 75 72  72 65 6e 74 52 65 73 75
6c 74 7d 0d 0a 20 20 2d  20 4a 6f 62 3a 20 24 7b
65 6e 76 2e 4a 4f 42 5f  4e 41 4d 45 7d 0d 0a 20
20 2d 20 42 75 69 6c 64  20 4e 75 6d 62 65 72 3a
20 24 7b 65 6e 76 2e 42  55 49 4c 44 5f 4e 55 4d
42 45 52 7d 0d 0a 20 20  2d 20 42 72 61 6e 63 68
3a 20 6d 61 69 6e 0d 0a  20 20 2d 20 54 69 6d 65
73 74 61 6d 70 3a 20 24  7b 6e 65 77 20 44 61 74
65 28 29 7d 0d 0a 20 20  2d 20 44 75 72 61 74 69
6f 6e 3a 20 24 7b 63 75  72 72 65 6e 74 42 75 69
6c 64 2e 64 75 72 61 74  69 6f 6e 53 74 72 69 6e
67 7d 0d 0a 0d 0a 4a 65  6e 6b 69 6e 73 20 44 65
74 61 69 6c 73 3a 0d 0a  20 20 2d 20 42 75 69 6c
64 20 55 52 4c 3a 20 24  7b 65 6e 76 2e 42 55 49
4c 44 5f 55 52 4c 7d 0d  0a 20 20 2d 20 43 6f 6e
73 6f 6c 65 20 4f 75 74  70 75 74 3a 20 24 7b 65
6e 76 2e 42 55 49 4c 44  5f 55 52 4c 7d 63 6f 6e
73 6f 6c 65 0d 0a 20 20  2d 20 54 72 69 67 67 65
72 65 64 20 42 79 3a 20  24 7b 63 75 72 72 65 6e
74 42 75 69 6c 64 2e 67  65 74 42 75 69 6c 64 43
61 75 73 65 73 28 29 5b  30 5d 2e 73 68 6f 72 74
44 65 73 63 72 69 70 74  69 6f 6e 7d 0d 0a 0d 0a
44 6f 63 6b 65 72 20 49  6e 66 6f 72 6d 61 74 69
6f 6e 3a 0d 0a 20 20 2d  20 49 6d 61 67 65 3a 20
24 7b 44 4f 43 4b 45 52  5f 49 4d 41 47 45 7d 3a
24 7b 65 6e 76 2e 42 55  49 4c 44 5f 4e 55 4d 42
45 52 7d 0d 0a 20 20 2d  20 4c 61 74 65 73 74 20
54 61 67 3a 20 24 7b 44  4f 43 4b 45 52 5f 49 4d
41 47 45 7d 3a 6c 61 74  65 73 74 0d 0a 20 20 2d
20 52 65 67 69 73 74 72  79 3a 20 44 6f 63 6b 65
72 20 48 75 62 0d 0a 20  20 2d 20 50 75 6c 6c 20
43 6f 6d 6d 61 6e 64 3a  20 64 6f 63 6b 65 72 20
70 75 6c 6c 20 24 7b 44  4f 43 4b 45 52 5f 49 4d
41 47 45 7d 3a 24 7b 65  6e 76 2e 42 55 49 4c 44
5f 4e 55 4d 42 45 52 7d  0d 0a 0d 0a 4b 75 62 65
72 6e 65 74 65 73 20 44  65 70 6c 6f 79 6d 65 6e
74 3a 0d 0a 20 20 2d 20  4e 61 6d 65 73 70 61 63
65 3a 20 24 7b 4b 38 53  5f 4e 41 4d 45 53 50 41
43 45 7d 0d 0a 20 20 2d  20 44 65 70 6c 6f 79 6d
65 6e 74 3a 20 24 7b 4b  38 53 5f 44 45 50 4c 4f
59 4d 45 4e 54 7d 0d 0a  20 20 2d 20 53 65 72 76
69 63 65 3a 20 24 7b 4b  38 53 5f 53 45 52 56 49
43 45 7d 0d 0a 20 20 2d  20 43 6f 6e 74 61 69 6e
65 72 3a 20 24 7b 4b 38  53 5f 43 4f 4e 54 41 49
4e 45 52 7d 0d 0a 20 20  2d 20 52 65 70 6c 69 63
61 73 3a 20 32 0d 0a 20  20 2d 20 53 74 72 61 74
65 67 79 3a 20 52 6f 6c  6c 69 6e 67 55 70 64 61
74 65 0d 0a 0d 0a 4d 6f  6e 69 74 6f 72 69 6e 67
20 26 20 4d 65 74 72 69  63 73 3a 0d 0a 20 20 2d
20 50 72 6f 6d 65 74 68  65 75 73 20 55 49 3a 20
68 74 74 70 3a 2f 2f 6c  6f 63 61 6c 68 6f 73 74
3a 33 30 30 39 30 0d 0a  20 20 2d 20 41 70 70 6c
69 63 61 74 69 6f 6e 20  4d 65 74 72 69 63 73 3a
20 68 74 74 70 3a 2f 2f  6c 6f 63 61 6c 68 6f 73
74 3a 33 30 30 38 30 2f  61 63 74 75 61 74 6f 72
2f 70 72 6f 6d 65 74 68  65 75 73 0d 0a 20 20 2d
20 48 65 61 6c 74 68 20  45 6e 64 70 6f 69 6e 74
3a 20 68 74 74 70 3a 2f  2f 6c 6f 63 61 6c 68 6f
73 74 3a 33 30 30 38 30  2f 61 63 74 75 61 74 6f
72 2f 68 65 61 6c 74 68  0d 0a 20 20 2d 20 47 72
61 66 61 6e 61 20 44 61  73 68 62 6f 61 72 64 3a
20 43 6f 6e 66 69 67 75  72 65 20 77 69 74 68 20
50 72 6f 6d 65 74 68 65  75 73 20 64 61 74 61 20
73 6f 75 72 63 65 0d 0a  0d 0a 41 70 70 6c 69 63
61 74 69 6f 6e 20 45 6e  64 70 6f 69 6e 74 73 3a
0d 0a 20 20 2d 20 4d 61  69 6e 20 41 70 70 6c 69
63 61 74 69 6f 6e 3a 20  68 74 74 70 3a 2f 2f 6c
6f 63 61 6c 68 6f 73 74  3a 33 30 30 38 30 0d 0a
20 20 2d 20 44 61 73 68  62 6f 61 72 64 3a 20 68
74 74 70 3a 2f 2f 6c 6f  63 61 6c 68 6f 73 74 3a
33 30 30 38 30 2f 69 6e  64 65 78 2e 68 74 6d 6c
0d 0a 20 20 2d 20 48 65  61 6c 74 68 20 43 68 65
63 6b 3a 20 68 74 74 70  3a 2f 2f 6c 6f 63 61 6c
68 6f 73 74 3a 33 30 30  38 30 2f 61 63 74 75 61
74 6f 72 2f 68 65 61 6c  74 68 0d 0a 20 20 2d 20
50 72 6f 6d 65 74 68 65  75 73 20 4d 65 74 72 69
63 73 3a 20 68 74 74 70  3a 2f 2f 6c 6f 63 61 6c
68 6f 73 74 3a 33 30 30  38 30 2f 61 63 74 75 61
74 6f 72 2f 70 72 6f 6d  65 74 68 65 75 73 0d 0a
0d 0a 56 65 72 69 66 69  63 61 74 69 6f 6e 20 43
6f 6d 6d 61 6e 64 73 3a  0d 0a 20 20 2d 20 56 69
65 77 20 50 6f 64 73 3a  20 6b 75 62 65 63 74 6c
20 67 65 74 20 70 6f 64  73 20 2d 6e 20 24 7b 4b
38 53 5f 4e 41 4d 45 53  50 41 43 45 7d 0d 0a 20
20 2d 20 56 69 65 77 20  53 65 72 76 69 63 65 3a
20 6b 75 62 65 63 74 6c  20 67 65 74 20 73 76 63
20 24 7b 4b 38 53 5f 53  45 52 56 49 43 45 7d 20
2d 6e 20 24 7b 4b 38 53  5f 4e 41 4d 45 53 50 41
43 45 7d 0d 0a 20 20 2d  20 56 69 65 77 20 4c 6f
67 73 3a 20 6b 75 62 65  63 74 6c 20 6c 6f 67 73
20 2d 66 20 64 65 70 6c  6f 79 6d 65 6e 74 2f 24
7b 4b 38 53 5f 44 45 50  4c 4f 59 4d 45 4e 54 7d
20 2d 6e 20 24 7b 4b 38  53 5f 4e 41 4d 45 53 50
41 43 45 7d 0d 0a 20 20  2d 20 43 68 65 63 6b 20
53 74 61 74 75 73 3a 20  6b 75 62 65 63 74 6c 20
72 6f 6c 6c 6f 75 74 20  73 74 61 74 75 73 20 64
65 70 6c 6f 79 6d 65 6e  74 2f 24 7b 4b 38 53 5f
44 45 50 4c 4f 59 4d 45  4e 54 7d 20 2d 6e 20 24
7b 4b 38 53 5f 4e 41 4d  45 53 50 41 43 45 7d 0d
0a 20 20 2d 20 56 69 65  77 20 50 72 6f 6d 65 74
68 65 75 73 3a 20 6b 75  62 65 63 74 6c 20 67 65
74 20 70 6f 64 73 20 2d  6c 20 61 70 70 3d 70 72
6f 6d 65 74 68 65 75 73  20 2d 6e 20 64 65 66 61
75 6c 74 0d 0a 0d 0a 2d  2d 2d 2d 2d 2d 2d 2d 2d
2d 2d 2d 2d 2d 2d 2d 2d  2d 2d 2d 2d 2d 2d 2d 2d
2d 2d 2d 2d 2d 2d 2d 2d  2d 2d 2d 2d 2d 2d 2d 2d
2d 2d 2d 2d 2d 2d 2d 2d  2d 2d 2d 2d 2d 2d 2d 2d
2d 2d 2d 2d 0d 0a 47 65  6e 65 72 61 74 65 64 20
62 79 20 4a 65 6e 6b 69  6e 73 20 43 49 2f 43 44
20 50 69 70 65 6c 69 6e  65 20 77 69 74 68 20 50
72 6f 6d 65 74 68 65 75  73 20 4d 6f 6e 69 74 6f
72 69 6e 67 0d 0a 2d 2d  2d 2d 2d 2d 2d 2d 2d 2d
2d 2d 2d 2d 2d 2d 2d 2d  2d 2d 2d 2d 2d 2d 2d 2d
2d 2d 2d 2d 2d 2d 2d 2d  2d 2d 2d 2d 2d 2d 2d 2d
2d 2d 2d 2d 2d 2d 2d 2d  2d 2d 2d 2d 2d 2d 2d 2d
2d 2d 2d 0d 0a 22 22 22  0d 0a 20 20 20 20 20 20
20 20 20 20 20 20 20 20  20 20 20 20 20 20 77 72
69 74 65 46 69 6c 65 20  66 69 6c 65 3a 20 27 62
75 69 6c 64 2d 73 75 6d  6d 61 72 79 2e 74 78 74
27 2c 20 74 65 78 74 3a  20 73 75 6d 6d 61 72 79
0d 0a 20 20 20 20 20 20  20 20 20 20 20 20 20 20
20 20 20 20 20 20 61 72  63 68 69 76 65 41 72 74
69 66 61 63 74 73 20 61  72 74 69 66 61 63 74 73
3a 20 27 62 75 69 6c 64  2d 73 75 6d 6d 61 72 79
2e 74 78 74 27 2c 20 66  69 6e 67 65 72 70 72 69
6e 74 3a 20 74 72 75 65  0d 0a 20 20 20 20 20 20
20 20 20 20 20 20 20 20  20 20 7d 0d 0a 20 20 20
20 20 20 20 20 20 20 20  20 20 20 20 20 65 63 68
6f 20 27 42 75 69 6c 64  20 73 75 6d 6d 61 72 79
20 73 61 76 65 64 27 0d  0a 20 20 20 20 20 20 20
20 20 20 20 20 7d 0d 0a  20 20 20 20 20 20 20 20
7d 0d 0a 20 20 20 20 7d  0d 0a 0d 0a 20 20 20 20
70 6f 73 74 20 7b 0d 0a  20 20 20 20 20 20 20 20
61 6c 77 61 79 73 20 7b  0d 0a 20 20 20 20 20 20
20 20 20 20 20 20 73 63  72 69 70 74 20 7b 0d 0a
20 20 20 20 20 20 20 20  20 20 20 20 20 20 20 20
65 63 68 6f 20 27 53 65  6e 64 69 6e 67 20 65 6d
61 69 6c 20 6e 6f 74 69  66 69 63 61 74 69 6f 6e
2e 2e 2e 27 0d 0a 20 20  20 20 20 20 20 20 20 20
20 20 20 20 20 20 0d 0a  20 20 20 20 20 20 20 20
20 20 20 20 20 20 20 20  64 65 66 20 73 74 61 74
75 73 20 3d 20 63 75 72  72 65 6e 74 42 75 69 6c
64 2e 63 75 72 72 65 6e  74 52 65 73 75 6c 74 0d
0a 20 20 20 20 20 20 20  20 20 20 20 20 20 20 20
20 64 65 66 20 73 74 61  74 75 73 49 63 6f 6e 20
3d 20 28 73 74 61 74 75  73 20 3d 3d 20 27 53 55
43 43 45 53 53 27 29 20  3f 20 27 5b 53 55 43 43
45 53 53 5d 27 20 3a 20  27 5b 46 41 49 4c 45 44
5d 27 0d 0a 20 20 20 20  20 20 20 20 20 20 20 20
20 20 20 20 64 65 66 20  63 6f 6c 6f 72 20 3d 20
28 73 74 61 74 75 73 20  3d 3d 20 27 53 55 43 43
45 53 53 27 29 20 3f 20  27 23 32 38 61 37 34 35
27 20 3a 20 27 23 64 63  33 35 34 35 27 0d 0a 20
20 20 20 20 20 20 20 20  20 20 20 20 20 20 20 64
65 66 20 73 75 62 6a 65  63 74 20 3d 20 22 24 7b
73 74 61 74 75 73 49 63  6f 6e 7d 20 42 75 69 6c
64 20 23 24 7b 65 6e 76  2e 42 55 49 4c 44 5f 4e
55 4d 42 45 52 7d 20 2d  20 24 7b 65 6e 76 2e 4a
4f 42 5f 4e 41 4d 45 7d  22 0d 0a 20 20 20 20 20
20 20 20 20 20 20 20 20  20 20 20 0d 0a 20 20 20
20 20 20 20 20 20 20 20  20 20 20 20 20 64 65 66
20 62 6f 64 79 20 3d 20  22 22 22 5c 0d 0a 3c 68
74 6d 6c 3e 0d 0a 3c 68  65 61 64 3e 0d 0a 20 20
20 20 3c 73 74 79 6c 65  3e 0d 0a 20 20 20 20 20
20 20 20 62 6f 64 79 20  7b 20 0d 0a 20 20 20 20
20 20 20 20 20 20 20 20  66 6f 6e 74 2d 66 61 6d
69 6c 79 3a 20 27 53 65  67 6f 65 20 55 49 27 2c
20 54 61 68 6f 6d 61 2c  20 47 65 6e 65 76 61 2c
20 56 65 72 64 61 6e 61  2c 20 73 61 6e 73 2d 73
65 72 69 66 3b 0d 0a 20  20 20 20 20 20 20 20 20
20 20 20 6d 61 72 67 69  6e 3a 20 30 3b 0d 0a 20
20 20 20 20 20 20 20 20  20 20 20 70 61 64 64 69
6e 67 3a 20 30 3b 0d 0a  20 20 20 20 20 20 20 20
20 20 20 20 62 61 63 6b  67 72 6f 75 6e 64 2d 63
6f 6c 6f 72 3a 20 23 66  35 66 35 66 35 3b 0d 0a
20 20 20 20 20 20 20 20  7d 0d 0a 20 20 20 20 20
20 20 20 2e 63 6f 6e 74  61 69 6e 65 72 20 7b 0d
0a 20 20 20 20 20 20 20  20 20 20 20 20 6d 61 78
2d 77 69 64 74 68 3a 20  37 30 30 70 78 3b 0d 0a
20 20 20 20 20 20 20 20  20 20 20 20 6d 61 72 67
69 6e 3a 20 32 30 70 78  20 61 75 74 6f 3b 0d 0a
20 20 20 20 20 20 20 20  20 20 20 20 62 61 63 6b
67 72 6f 75 6e 64 2d 63  6f 6c 6f 72 3a 20 77 68
69 74 65 3b 0d 0a 20 20  20 20 20 20 20 20 20 20
20 20 62 6f 78 2d 73 68  61 64 6f 77 3a 20 30 20
32 70 78 20 34 70 78 20  72 67 62 61 28 30 2c 30
2c 30 2c 30 2e 31 29 3b  0d 0a 20 20 20 20 20 20
20 20 7d 0d 0a 20 20 20  20 20 20 20 20 2e 68 65
61 64 65 72 20 7b 20 0d  0a 20 20 20 20 20 20 20
20 20 20 20 20 62 61 63  6b 67 72 6f 75 6e 64 3a
20 6c 69 6e 65 61 72 2d  67 72 61 64 69 65 6e 74
28 31 33 35 64 65 67 2c  20 24 7b 63 6f 6c 6f 72
7d 20 30 25 2c 20 24 7b  63 6f 6c 6f 72 7d 64 64
20 31 30 30 25 29 3b 0d  0a 20 20 20 20 20 20 20
20 20 20 20 20 63 6f 6c  6f 72 3a 20 77 68 69 74
65 3b 0d 0a 20 20 20 20  20 20 20 20 20 20 20 20
70 61 64 64 69 6e 67 3a  20 33 30 70 78 3b 0d 0a
20 20 20 20 20 20 20 20  20 20 20 20 74 65 78 74
2d 61 6c 69 67 6e 3a 20  63 65 6e 74 65 72 3b 0d
0a 20 20 20 20 20 20 20  20 7d 0d 0a 20 20 20 20
20 20 20 20 2e 68 65 61  64 65 72 20 68 31 20 7b
0d 0a 20 20 20 20 20 20  20 20 20 20 20 20 6d 61
72 67 69 6e 3a 20 30 20  30 20 31 30 70 78 20 30
3b 0d 0a 20 20 20 20 20  20 20 20 20 20 20 20 66
6f 6e 74 2d 73 69 7a 65  3a 20 32 38 70 78 3b 0d
0a 20 20 20 20 20 20 20  20 7d 0d 0a 20 20 20 20
20 20 20 20 2e 63 6f 6e  74 65 6e 74 20 7b 20 0d
0a 20 20 20 20 20 20 20  20 20 20 20 20 70 61 64
64 69 6e 67 3a 20 33 30  70 78 3b 0d 0a 20 20 20
20 20 20 20 20 7d 0d 0a  20 20 20 20 20 20 20 20
2e 73 65 63 74 69 6f 6e  20 7b 20 0d 0a 20 20 20
20 20 20 20 20 20 20 20  20 6d 61 72 67 69 6e 2d
62 6f 74 74 6f 6d 3a 20  33 30 70 78 3b 0d 0a 20
20 20 20 20 20 20 20 20  20 20 20 62 6f 72 64 65
72 2d 6c 65 66 74 3a 20  34 70 78 20 73 6f 6c 69
64 20 24 7b 63 6f 6c 6f  72 7d 3b 0d 0a 20 20 20
20 20 20 20 20 20 20 20  20 70 61 64 64 69 6e 67
2d 6c 65 66 74 3a 20 31  35 70 78 3b 0d 0a 20 20
20 20 20 20 20 20 7d 0d  0a 20 20 20 20 20 20 20
20 2e 73 65 63 74 69 6f  6e 20 68 32 20 7b 0d 0a
20 20 20 20 20 20 20 20  20 20 20 20 63 6f 6c 6f
72 3a 20 23 33 33 33 3b  0d 0a 20 20 20 20 20 20
20 20 20 20 20 20 6d 61  72 67 69 6e 2d 74 6f 70
3a 20 30 3b 0d 0a 20 20  20 20 20 20 20 20 20 20
20 20 6d 61 72 67 69 6e  2d 62 6f 74 74 6f 6d 3a
20 31 35 70 78 3b 0d 0a  20 20 20 20 20 20 20 20
20 20 20 20 66 6f 6e 74  2d 73 69 7a 65 3a 20 32
30 70 78 3b 0d 0a 20 20  20 20 20 20 20 20 7d 0d
0a 20 20 20 20 20 20 20  20 2e 69 6e 66 6f 2d 74
61 62 6c 65 20 7b 20 0d  0a 20 20 20 20 20 20 20
20 20 20 20 20 77 69 64  74 68 3a 20 31 30 30 25
3b 0d 0a 20 20 20 20 20  20 20 20 20 20 20 20 62
6f 72 64 65 72 2d 63 6f  6c 6c 61 70 73 65 3a 20
63 6f 6c 6c 61 70 73 65  3b 0d 0a 20 20 20 20 20
20 20 20 7d 0d 0a 20 20  20 20 20 20 20 20 2e 69
6e 66 6f 2d 74 61 62 6c  65 20 74 64 20 7b 0d 0a
20 20 20 20 20 20 20 20  20 20 20 20 70 61 64 64
69 6e 67 3a 20 31 30 70  78 3b 0d 0a 20 20 20 20
20 20 20 20 20 20 20 20  62 6f 72 64 65 72 2d 62
6f 74 74 6f 6d 3a 20 31  70 78 20 73 6f 6c 69 64
20 23 65 65 65 3b 0d 0a  20 20 20 20 20 20 20 20
7d 0d 0a 20 20 20 20 20  20 20 20 2e 69 6e 66 6f
2d 74 61 62 6c 65 20 74  64 3a 66 69 72 73 74 2d
63 68 69 6c 64 20 7b 0d  0a 20 20 20 20 20 20 20
20 20 20 20 20 66 6f 6e  74 2d 77 65 69 67 68 74
3a 20 36 30 30 3b 0d 0a  20 20 20 20 20 20 20 20
20 20 20 20 63 6f 6c 6f  72 3a 20 23 35 35 35 3b
0d 0a 20 20 20 20 20 20  20 20 20 20 20 20 77 69
64 74 68 3a 20 34 30 25  3b 0d 0a 20 20 20 20 20
20 20 20 7d 0d 0a 20 20  20 20 20 20 20 20 2e 6c
69 6e 6b 2d 62 75 74 74  6f 6e 20 7b 0d 0a 20 20
20 20 20 20 20 20 20 20  20 20 64 69 73 70 6c 61
79 3a 20 69 6e 6c 69 6e  65 2d 62 6c 6f 63 6b 3b
0d 0a 20 20 20 20 20 20  20 20 20 20 20 20 70 61
64 64 69 6e 67 3a 20 31  30 70 78 20 32 30 70 78
3b 0d 0a 20 20 20 20 20  20 20 20 20 20 20 20 6d
61 72 67 69 6e 3a 20 35  70 78 3b 0d 0a 20 20 20
20 20 20 20 20 20 20 20  20 62 61 63 6b 67 72 6f
75 6e 64 2d 63 6f 6c 6f  72 3a 20 23 30 30 37 62
66 66 3b 0d 0a 20 20 20  20 20 20 20 20 20 20 20
20 63 6f 6c 6f 72 3a 20  77 68 69 74 65 20 21 69
6d 70 6f 72 74 61 6e 74  3b 0d 0a 20 20 20 20 20
20 20 20 20 20 20 20 74  65 78 74 2d 64 65 63 6f
72 61 74 69 6f 6e 3a 20  6e 6f 6e 65 3b 0d 0a 20
20 20 20 20 20 20 20 20  20 20 20 62 6f 72 64 65
72 2d 72 61 64 69 75 73  3a 20 34 70 78 3b 0d 0a
20 20 20 20 20 20 20 20  20 20 20 20 66 6f 6e 74
2d 77 65 69 67 68 74 3a  20 35 30 30 3b 0d 0a 20
20 20 20 20 20 20 20 7d  0d 0a 20 20 20 20 20 20
20 20 2e 63 6f 64 65 2d  62 6c 6f 63 6b 20 7b 0d
0a 20 20 20 20 20 20 20  20 20 20 20 20 62 61 63
6b 67 72 6f 75 6e 64 2d  63 6f 6c 6f 72 3a 20 23
66 38 66 39 66 61 3b 0d  0a 20 20 20 20 20 20 20
20 20 20 20 20 62 6f 72  64 65 72 3a 20 31 70 78
20 73 6f 6c 69 64 20 23  65 39 65 63 65 66 3b 0d
0a 20 20 20 20 20 20 20  20 20 20 20 20 62 6f 72
64 65 72 2d 72 61 64 69  75 73 3a 20 34 70 78 3b
0d 0a 20 20 20 20 20 20  20 20 20 20 20 20 70 61
64 64 69 6e 67 3a 20 31  35 70 78 3b 0d 0a 20 20
20 20 20 20 20 20 20 20  20 20 66 6f 6e 74 2d 66
61 6d 69 6c 79 3a 20 27  43 6f 75 72 69 65 72 20
4e 65 77 27 2c 20 6d 6f  6e 6f 73 70 61 63 65 3b
0d 0a 20 20 20 20 20 20  20 20 20 20 20 20 66 6f
6e 74 2d 73 69 7a 65 3a  20 31 33 70 78 3b 0d 0a
20 20 20 20 20 20 20 20  7d 0d 0a 20 20 20 20 20
20 20 20 2e 66 6f 6f 74  65 72 20 7b 0d 0a 20 20
20 20 20 20 20 20 20 20  20 20 62 61 63 6b 67 72
6f 75 6e 64 2d 63 6f 6c  6f 72 3a 20 23 66 38 66
39 66 61 3b 0d 0a 20 20  20 20 20 20 20 20 20 20
20 20 70 61 64 64 69 6e  67 3a 20 32 30 70 78 3b
0d 0a 20 20 20 20 20 20  20 20 20 20 20 20 74 65
78 74 2d 61 6c 69 67 6e  3a 20 63 65 6e 74 65 72
3b 0d 0a 20 20 20 20 20  20 20 20 20 20 20 20 63
6f 6c 6f 72 3a 20 23 36  63 37 35 37 64 3b 0d 0a
20 20 20 20 20 20 20 20  20 20 20 20 66 6f 6e 74
2d 73 69 7a 65 3a 20 31  34 70 78 3b 0d 0a 20 20
20 20 20 20 20 20 20 20  20 20 62 6f 72 64 65 72
2d 74 6f 70 3a 20 31 70  78 20 73 6f 6c 69 64 20
23 64 65 65 32 65 36 3b  0d 0a 20 20 20 20 20 20
20 20 7d 0d 0a 20 20 20  20 3c 2f 73 74 79 6c 65
3e 0d 0a 3c 2f 68 65 61  64 3e 0d 0a 3c 62 6f 64
79 3e 0d 0a 20 20 20 20  3c 64 69 76 20 63 6c 61
73 73 3d 22 63 6f 6e 74  61 69 6e 65 72 22 3e 0d
0a 20 20 20 20 20 20 20  20 3c 64 69 76 20 63 6c
61 73 73 3d 22 68 65 61  64 65 72 22 3e 0d 0a 20
20 20 20 20 20 20 20 20  20 20 20 3c 68 31 3e 24
7b 73 74 61 74 75 73 49  63 6f 6e 7d 20 42 75 69
6c 64 20 24 7b 73 74 61  74 75 73 7d 3c 2f 68 31
3e 0d 0a 20 20 20 20 20  20 20 20 20 20 20 20 3c
70 3e 3c 73 74 72 6f 6e  67 3e 24 7b 65 6e 76 2e
4a 4f 42 5f 4e 41 4d 45  7d 3c 2f 73 74 72 6f 6e
67 3e 20 2d 20 42 75 69  6c 64 20 23 24 7b 65 6e
76 2e 42 55 49 4c 44 5f  4e 55 4d 42 45 52 7d 3c
2f 70 3e 0d 0a 20 20 20  20 20 20 20 20 3c 2f 64
69 76 3e 0d 0a 20 20 20  20 20 20 20 20 0d 0a 20
20 20 20 20 20 20 20 3c  64 69 76 20 63 6c 61 73
73 3d 22 63 6f 6e 74 65  6e 74 22 3e 0d 0a 20 20
20 20 20 20 20 20 20 20  20 20 3c 64 69 76 20 63
6c 61 73 73 3d 22 73 65  63 74 69 6f 6e 22 3e 0d
0a 20 20 20 20 20 20 20  20 20 20 20 20 20 20 20
20 3c 68 32 3e 42 75 69  6c 64 20 49 6e 66 6f 72
6d 61 74 69 6f 6e 3c 2f  68 32 3e 0d 0a 20 20 20
20 20 20 20 20 20 20 20  20 20 20 20 20 3c 74 61
62 6c 65 20 63 6c 61 73  73 3d 22 69 6e 66 6f 2d
74 61 62 6c 65 22 3e 0d  0a 20 20 20 20 20 20 20
20 20 20 20 20 20 20 20  20 20 20 20 20 3c 74 72
3e 3c 74 64 3e 53 74 61  74 75 73 3c 2f 74 64 3e
3c 74 64 3e 24 7b 73 74  61 74 75 73 7d 3c 2f 74
64 3e 3c 2f 74 72 3e 0d  0a 20 20 20 20 20 20 20
20 20 20 20 20 20 20 20  20 20 20 20 20 3c 74 72
3e 3c 74 64 3e 42 75 69  6c 64 20 4e 75 6d 62 65
72 3c 2f 74 64 3e 3c 74  64 3e 23 24 7b 65 6e 76
2e 42 55 49 4c 44 5f 4e  55 4d 42 45 52 7d 3c 2f
74 64 3e 3c 2f 74 72 3e  0d 0a 20 20 20 20 20 20
20 20 20 20 20 20 20 20  20 20 20 20 20 20 3c 74
72 3e 3c 74 64 3e 44 75  72 61 74 69 6f 6e 3c 2f
74 64 3e 3c 74 64 3e 24  7b 63 75 72 72 65 6e 74
42 75 69 6c 64 2e 64 75  72 61 74 69 6f 6e 53 74
72 69 6e 67 7d 3c 2f 74  64 3e 3c 2f 74 72 3e 0d
0a 20 20 20 20 20 20 20  20 20 20 20 20 20 20 20
20 3c 2f 74 61 62 6c 65  3e 0d 0a 20 20 20 20 20
20 20 20 20 20 20 20 3c  2f 64 69 76 3e 0d 0a 20
20 20 20 20 20 20 20 20  20 20 20 0d 0a 20 20 20
20 20 20 20 20 20 20 20  20 3c 64 69 76 20 63 6c
61 73 73 3d 22 73 65 63  74 69 6f 6e 22 3e 0d 0a
20 20 20 20 20 20 20 20  20 20 20 20 20 20 20 20
3c 68 32 3e 51 75 69 63  6b 20 41 63 74 69 6f 6e
73 3c 2f 68 32 3e 0d 0a  20 20 20 20 20 20 20 20
20 20 20 20 20 20 20 20  3c 64 69 76 20 73 74 79
6c 65 3d 22 74 65 78 74  2d 61 6c 69 67 6e 3a 20
63 65 6e 74 65 72 3b 22  3e 0d 0a 20 20 20 20 20
20 20 20 20 20 20 20 20  20 20 20 20 20 20 20 3c
61 20 68 72 65 66 3d 22  24 7b 65 6e 76 2e 42 55
49 4c 44 5f 55 52 4c 7d  22 20 63 6c 61 73 73 3d
22 6c 69 6e 6b 2d 62 75  74 74 6f 6e 22 3e 56 69
65 77 20 42 75 69 6c 64  3c 2f 61 3e 0d 0a 20 20
20 20 20 20 20 20 20 20  20 20 20 20 20 20 20 20
20 20 3c 61 20 68 72 65  66 3d 22 68 74 74 70 3a
2f 2f 6c 6f 63 61 6c 68  6f 73 74 3a 33 30 30 38
30 2f 69 6e 64 65 78 2e  68 74 6d 6c 22 20 63 6c
61 73 73 3d 22 6c 69 6e  6b 2d 62 75 74 74 6f 6e
22 3e 44 61 73 68 62 6f  61 72 64 3c 2f 61 3e 0d
0a 20 20 20 20 20 20 20  20 20 20 20 20 20 20 20
20 20 20 20 20 3c 61 20  68 72 65 66 3d 22 68 74
74 70 3a 2f 2f 6c 6f 63  61 6c 68 6f 73 74 3a 33
30 30 39 30 22 20 63 6c  61 73 73 3d 22 6c 69 6e
6b 2d 62 75 74 74 6f 6e  22 3e 50 72 6f 6d 65 74
68 65 75 73 3c 2f 61 3e  0d 0a 20 20 20 20 20 20
20 20 20 20 20 20 20 20  20 20 3c 2f 64 69 76 3e
0d 0a 20 20 20 20 20 20  20 20 20 20 20 20 3c 2f
64 69 76 3e 0d 0a 20 20  20 20 20 20 20 20 20 20
20 20 0d 0a 20 20 20 20  20 20 20 20 20 20 20 20
3c 64 69 76 20 63 6c 61  73 73 3d 22 73 65 63 74
69 6f 6e 22 3e 0d 0a 20  20 20 20 20 20 20 20 20
20 20 20 20 20 20 20 3c  68 32 3e 4d 6f 6e 69 74
6f 72 69 6e 67 20 45 6e  64 70 6f 69 6e 74 73 3c
2f 68 32 3e 0d 0a 20 20  20 20 20 20 20 20 20 20
20 20 20 20 20 20 3c 74  61 62 6c 65 20 63 6c 61
73 73 3d 22 69 6e 66 6f  2d 74 61 62 6c 65 22 3e
0d 0a 20 20 20 20 20 20  20 20 20 20 20 20 20 20
20 20 20 20 20 20 3c 74  72 3e 3c 74 64 3e 41 70
70 6c 69 63 61 74 69 6f  6e 3c 2f 74 64 3e 3c 74
64 3e 3c 61 20 68 72 65  66 3d 22 68 74 74 70 3a
2f 2f 6c 6f 63 61 6c 68  6f 73 74 3a 33 30 30 38
30 22 3e 68 74 74 70 3a  2f 2f 6c 6f 63 61 6c 68
6f 73 74 3a 33 30 30 38  30 3c 2f 61 3e 3c 2f 74
64 3e 3c 2f 74 72 3e 0d  0a 20 20 20 20 20 20 20
20 20 20 20 20 20 20 20  20 20 20 20 20 3c 74 72
3e 3c 74 64 3e 44 61 73  68 62 6f 61 72 64 3c 2f
74 64 3e 3c 74 64 3e 3c  61 20 68 72 65 66 3d 22
68 74 74 70 3a 2f 2f 6c  6f 63 61 6c 68 6f 73 74
3a 33 30 30 38 30 2f 69  6e 64 65 78 2e 68 74 6d
6c 22 3e 68 74 74 70 3a  2f 2f 6c 6f 63 61 6c 68
6f 73 74 3a 33 30 30 38  30 2f 69 6e 64 65 78 2e
68 74 6d 6c 3c 2f 61 3e  3c 2f 74 64 3e 3c 2f 74
72 3e 0d 0a 20 20 20 20  20 20 20 20 20 20 20 20
20 20 20 20 20 20 20 20  3c 74 72 3e 3c 74 64 3e
50 72 6f 6d 65 74 68 65  75 73 3c 2f 74 64 3e 3c
74 64 3e 3c 61 20 68 72  65 66 3d 22 68 74 74 70
3a 2f 2f 6c 6f 63 61 6c  68 6f 73 74 3a 33 30 30
39 30 22 3e 68 74 74 70  3a 2f 2f 6c 6f 63 61 6c
68 6f 73 74 3a 33 30 30  39 30 3c 2f 61 3e 3c 2f
74 64 3e 3c 2f 74 72 3e  0d 0a 20 20 20 20 20 20
20 20 20 20 20 20 20 20  20 20 20 20 20 20 3c 74
72 3e 3c 74 64 3e 4d 65  74 72 69 63 73 3c 2f 74
64 3e 3c 74 64 3e 3c 61  20 68 72 65 66 3d 22 68
74 74 70 3a 2f 2f 6c 6f  63 61 6c 68 6f 73 74 3a
33 30 30 38 30 2f 61 63  74 75 61 74 6f 72 2f 70
72 6f 6d 65 74 68 65 75  73 22 3e 68 74 74 70 3a
2f 2f 6c 6f 63 61 6c 68  6f 73 74 3a 33 30 30 38
30 2f 61 63 74 75 61 74  6f 72 2f 70 72 6f 6d 65
74 68 65 75 73 3c 2f 61  3e 3c 2f 74 64 3e 3c 2f
74 72 3e 0d 0a 20 20 20  20 20 20 20 20 20 20 20
20 20 20 20 20 3c 2f 74  61 62 6c 65 3e 0d 0a 20
20 20 20 20 20 20 20 20  20 20 20 3c 2f 64 69 76
3e 0d 0a 20 20 20 20 20  20 20 20 3c 2f 64 69 76
3e 0d 0a 20 20 20 20 20  20 20 20 0d 0a 20 20 20
20 20 20 20 20 3c 64 69  76 20 63 6c 61 73 73 3d
22 66 6f 6f 74 65 72 22  3e 0d 0a 20 20 20 20 20
20 20 20 20 20 20 20 3c  70 3e 3c 73 74 72 6f 6e
67 3e 4a 65 6e 6b 69 6e  73 20 43 49 2f 43 44 20
50 69 70 65 6c 69 6e 65  20 77 69 74 68 20 50 72
6f 6d 65 74 68 65 75 73  3c 2f 73 74 72 6f 6e 67
3e 3c 2f 70 3e 0d 0a 20  20 20 20 20 20 20 20 20
20 20 20 3c 70 3e 54 68  69 73 20 69 73 20 61 6e
20 61 75 74 6f 6d 61 74  65 64 20 6e 6f 74 69 66
69 63 61 74 69 6f 6e 2e  3c 2f 70 3e 0d 0a 20 20
20 20 20 20 20 20 3c 2f  64 69 76 3e 0d 0a 20 20
20 20 3c 2f 64 69 76 3e  0d 0a 3c 2f 62 6f 64 79
3e 0d 0a 3c 2f 68 74 6d  6c 3e 0d 0a 22 22 22 0d
0a 20 20 20 20 20 20 20  20 20 20 20 20 20 20 20
20 0d 0a 20 20 20 20 20  20 20 20 20 20 20 20 20
20 20 20 65 6d 61 69 6c  65 78 74 28 0d 0a 20 20
20 20 20 20 20 20 20 20  20 20 20 20 20 20 20 20
20 20 74 6f 3a 20 22 24  7b 45 4d 41 49 4c 5f 52
45 43 49 50 49 45 4e 54  53 7d 22 2c 0d 0a 20 20
20 20 20 20 20 20 20 20  20 20 20 20 20 20 20 20
20 20 73 75 62 6a 65 63  74 3a 20 73 75 62 6a 65
63 74 2c 0d 0a 20 20 20  20 20 20 20 20 20 20 20
20 20 20 20 20 20 20 20  20 62 6f 64 79 3a 20 62
6f 64 79 2c 0d 0a 20 20  20 20 20 20 20 20 20 20
20 20 20 20 20 20 20 20  20 20 61 74 74 61 63 68
6d 65 6e 74 73 50 61 74  74 65 72 6e 3a 20 27 62
75 69 6c 64 2d 73 75 6d  6d 61 72 79 2e 74 78 74
27 2c 0d 0a 20 20 20 20  20 20 20 20 20 20 20 20
20 20 20 20 20 20 20 20  6d 69 6d 65 54 79 70 65
3a 20 27 74 65 78 74 2f  68 74 6d 6c 27 0d 0a 20
20 20 20 20 20 20 20 20  20 20 20 20 20 20 20 29
0d 0a 20 20 20 20 20 20  20 20 20 20 20 20 20 20
20 20 0d 0a 20 20 20 20  20 20 20 20 20 20 20 20
20 20 20 20 65 63 68 6f  20 27 45 6d 61 69 6c 20
6e 6f 74 69 66 69 63 61  74 69 6f 6e 20 73 65 6e
74 27 0d 0a 20 20 20 20  20 20 20 20 20 20 20 20
7d 0d 0a 20 20 20 20 20  20 20 20 7d 0d 0a 20 20
20 20 20 20 20 20 0d 0a  20 20 20 20 20 20 20 20
73 75 63 63 65 73 73 20  7b 0d 0a 20 20 20 20 20
20 20 20 20 20 20 20 65  63 68 6f 20 27 50 69 70
65 6c 69 6e 65 20 63 6f  6d 70 6c 65 74 65 64 20
73 75 63 63 65 73 73 66  75 6c 6c 79 21 27 0d 0a
20 20 20 20 20 20 20 20  20 20 20 20 65 63 68 6f
20 22 41 70 70 6c 69 63  61 74 69 6f 6e 3a 20 68
74 74 70 3a 2f 2f 6c 6f  63 61 6c 68 6f 73 74 3a
33 30 30 38 30 2f 69 6e  64 65 78 2e 68 74 6d 6c
22 0d 0a 20 20 20 20 20  20 20 20 20 20 20 20 65
63 68 6f 20 22 50 72 6f  6d 65 74 68 65 75 73 3a
20 68 74 74 70 3a 2f 2f  6c 6f 63 61 6c 68 6f 73
74 3a 33 30 30 39 30 22  0d 0a 20 20 20 20 20 20
20 20 7d 0d 0a 20 20 20  20 20 20 20 20 0d 0a 20
20 20 20 20 20 20 20 66  61 69 6c 75 72 65 20 7b
0d 0a 20 20 20 20 20 20  20 20 20 20 20 20 65 63
68 6f 20 27 50 69 70 65  6c 69 6e 65 20 66 61 69
6c 65 64 21 27 0d 0a 20  20 20 20 20 20 20 20 20
20 20 20 65 63 68 6f 20  27 44 65 70 6c 6f 79 6d
65 6e 74 20 68 61 73 20  62 65 65 6e 20 72 6f 6c
6c 65 64 20 62 61 63 6b  20 74 6f 20 70 72 65 76
69 6f 75 73 20 76 65 72  73 69 6f 6e 2e 27 0d 0a
20 20 20 20 20 20 20 20  7d 0d 0a 20 20 20 20 7d
0d 0a 7d
